Data/Bandafassi_data/bandafassi_farm_probability.asc
NCOLS 241 
NROWS 241 
XLLCORNER -120.5 
YLLCORNER -120.5 
CELLSIZE 1 
NODATA_value -9999 
[rows 104 to 129 of 241, columns 180 to 239 of 241]
0.982359919232678 0.984300948527993 0.99215047482408 1 1 0.99215047482408 0.988760566398976 -9999 -9999 -9999 -9999 -9999 -9999 -9999 -9999 -9999 -9999 -9999 -9999 -9999 -9999 -9999 -9999 0.890813100136068 0.888302829252668 0.886291381833391 0.884944833985461 -9999 -9999 -9999 -9999 0.875318245894267 0.873114185486962 0.870471255526292 -9999 -9999 -9999 -9999 -9999 -9999 -9999 -9999 -9999 0.833949838601938 0.829375187443579 0.824568500922758 0.819548320273012 0.814331962348358 0.809486423199165 -9999 -9999 -9999 -9999 -9999 0.789318915776594 0.78684801368792 -9999 -9999 -9999 -9999
0.98876048052097 0.98876048052097 0.992150412223514 1 0.992150412223514 0.9887605242406 0.982359919232678 -9999 -9999 -9999 -9999 -9999 -9999 -9999 -9999 -9999 -9999 -9999 -9999 -9999 -9999 -9999 -9999 0.883085652420157 0.880737902599236 0.878319063980215 0.877059795087662 0.875318183680768 0.873114089961174 0.870471120851793 0.869155402907856 0.867517674676548 0.865441310171495 -9999 -9999 -9999 -9999 -9999 -9999 -9999 -9999 -9999 0.831415843211274 0.827264404452569 0.822862289059545 0.818227708584991 0.813377981399604 0.808329438054289 -9999 0.798475845925699 -9999 -9999 -9999 0.784119657852243 0.781626981938515 0.779242138820999 -9999 -9999 -9999 -9999
0.992150351113919 0.992150351113919 1 1 1 0.992150351113919 0.984300701480308 -9999 -9999 -9999 -9999 -9999 -9999 -9999 -9999 -9999 -9999 -9999 -9999 -9999 -9999 0.880380655700013 0.877059759686049 0.875318121561137 0.873113994573767 0.870470986267758 0.869155369555456 0.867517616126183 0.865441220136298 0.862946116637383 0.861234901729657 -9999 -9999 -9999 -9999 -9999 -9999 -9999 -9999 -9999 -9999 -9999 0.824458104070741 0.820467450237487 0.81622804569313 0.811756695874063 0.807069526798056 0.802181878976713 0.797108240413872 0.791862212011086 0.787441288512431 0.782995386584729 0.7792419609339 0.776606635421849 0.773910523522499 0.771606221921097 0.769058032865964 -9999 -9999 -9999
1 0.99215028925957 1 0.99215028925957 0.991955729358163 0.988760437321979 -9999 -9999 -9999 -9999 -9999 -9999 -9999 -9999 -9999 -9999 -9999 -9999 -9999 -9999 -9999 -9999 0.869243716525741 0.867517557664157 0.86544113018811 0.862945989485419 0.861234870280961 0.859689525186168 0.857727314989737 -9999 -9999 -9999 -9999 -9999 -9999 -9999 -9999 -9999 -9999 -9999 -9999 0.820988985467324 0.817411070681509 0.81357117327657 0.809485133627896 0.805168437522585 0.800636067121079 0.795902390384526 -9999 0.78588508469576 0.780698203795405 0.776386294585048 0.771885742817659 0.769057823004055 0.766273682250741 0.763943178391129 0.761476821788543 -9999 -9999 -9999
1 1 1 0.992150228150933 0.984300455181735 0.982098628326992 0.977520831958823 -9999 -9999 -9999 -9999 -9999 -9999 -9999 -9999 -9999 -9999 -9999 -9999 -9999 -9999 -9999 0.862724977237924 0.859689470027499 0.85772722991846 0.855365084479279 0.853300900806693 -9999 -9999 -9999 -9999 -9999 -9999 -9999 -9999 -9999 -9999 -9999 -9999 -9999 0.817410749689894 0.813725703304429 0.810284693392263 0.806586197433169 0.802644690982567 0.798474432122163 0.794089319035509 -9999 0.784727686125486 0.779776305325589 0.774660256979849 0.76968587363729 0.765313745906171 0.761476618596868 0.758779942502959 0.756255566722481 0.753866212259063 0.751252047358052 -9999 -9999
0.992150165552335 0.991955730085369 0.991955730085369 0.988760351965425 0.982359480502039 0.975114562974971 0.971209960442604 0.966281183383448 -9999 -9999 -9999 -9999 -9999 -9999 -9999 -9999 -9999 -9999 -9999 -9999 -9999 0.86581705012994 0.858878914430589 0.851849773573479 0.849978623732772 0.847736621820491 -9999 -9999 -9999 -9999 -9999 -9999 -9999 0.832363239556207 0.829991129001858 0.82729455882054 -9999 -9999 -9999 0.813725443275756 0.810284384489039 0.80658583685005 0.803087586515014 0.799521793768631 0.795716514963194 0.791684873737671 0.787439749952835 0.782993671896318 0.778358732483972 0.77354652798048 0.768568115855621 0.76343398916192 0.758652570002863 0.754226009129914 0.751251811622268 0.748545640231124 0.746228849214917 0.743692548649876 0.740943185789834 -9999
0.988760308766928 0.983911459441061 0.983911459441061 0.982098574408086 0.97752066020511 0.971479477785174 0.964718851214003 0.960126011243873 -9999 -9999 -9999 -9999 -9999 -9999 -9999 -9999 -9999 -9999 -9999 -9999 0.870347348385216 0.862729337915489 0.855161280144107 0.848182002690619 0.842200424147748 -9999 -9999 -9999 -9999 -9999 -9999 -9999 -9999 0.82462832972413 0.822359459012102 0.819777020756891 0.816894281613339 0.813725183278851 0.810284075586318 0.806585476267603 0.803087288931825 0.79952144586245 0.795827229575703 0.792386070044782 0.788709235657478 0.784808806547469 0.780696712649748 0.776384630706105 0.771883901509318 0.767205466447767 0.762359820799303 0.757356982095529 0.752206471116856 0.747601037615297 0.743692319889667 0.740942916417509 0.738567077348054 0.736104384529358 0.733433253446446 0.730883161494281
0.982098547285304 0.977520573808284 0.97586718830701 0.974622589161509 0.971209826134483 0.966280925232909 0.960397996805064 0.953925038668268 -9999 -9999 -9999 -9999 -9999 -9999 -9999 -9999 -9999 -9999 -9999 0.875572813506463 0.868120030054329 0.860623649662644 0.853090346053955 0.845525521100575 0.837933588729389 -9999 -9999 -9999 -9999 -9999 -9999 -9999 -9999 0.816866762647572 0.814692882035293 0.812215826846849 0.80944741996986 0.806400159604921 0.803086991319378 0.799521098015231 0.795826942574515 0.792385734124345 0.788708848272268 0.785186133583171 0.781630468035177 0.777854263613355 0.773868568457902 0.769684258291434 0.765311956284811 0.760761969447699 0.756044239501645 0.751168307222352 0.746143288462308 0.740977859862508 0.736533564949382 0.733432991663084 0.73088298138002 0.728489958400231 0.72589299837892 0.723178595476246
0.974622569798364 0.971209758675874 0.967822917589753 0.966879228679462 0.964197093889829 0.960125792942658 0.955041147432556 0.949246811115687 0.942958649539681 0.937790131170149 -9999 -9999 -9999 -9999 -9999 -9999 -9999 0.887113629643935 0.879970546229032 0.872744168249184 0.865447915510901 0.858092565509064 0.850686851631935 0.843237911540331 0.835751626301124 0.828232878781008 0.822359191844867 -9999 -9999 -9999 -9999 -9999 -9999 0.809081789604799 0.806995557803665 0.804616045498709 0.801953823615759 0.799020126359353 0.795826655602382 0.792385398288981 0.788708460998513 0.785185808921791 0.781630093234388 0.777928229886434 0.774486943907489 0.770828389092485 0.766962798213242 0.762900297405199 0.758650829871529 0.754224093432542 0.749629490574018 0.744876090691056 0.739972602197725 0.734927354293748 0.729863362236297 0.725892743796799 0.723178420353835 0.720851419317167 0.718324855766463 0.715604048388541
0.9668792141965 0.964197040134517 0.960125683939206 -9999 0.956823124160583 0.953391531540155 0.948973548527212 0.943801326875504 0.938063535342506 0.931902987187089 0.926589252917349 0.921322158760664 0.915652454791002 0.909655908842803 0.903393364620154 0.896913289227283 0.890254209082522 0.883446801489763 0.876515594940368 0.869480310849502 0.862356907277952 0.855158384952361 0.84789540877023 0.840576787541109 0.833209846184531 0.825800714970151 0.818354556491674 0.812336617109642 -9999 -9999 -9999 -9999 -9999 0.801276161253866 0.799271023458376 0.796982010049634 0.794418603053201 0.791590927274497 0.788509582448814 0.785185484369829 0.781629718514608 0.777927915888528 0.774486581031034 0.770827974958482 0.767284626614643 0.763737546677086 0.75998610236969 0.756039721255346 0.751907705633119 0.747599172363018 0.7431230032994 0.738487806368326 0.733701885551677 0.728773219481149 0.72370944725993 0.718814574439368 -9999 -9999 -9999 -9999
0.960397410820839 0.956823079179415 0.953391438160608 -9999 -9999 0.946295559943107 0.942419450389597 0.937789742434898 0.932561463060701 0.926862868193923 0.920795407476759 0.91537801264846 0.9100822949544 0.904434586165824 0.898493622417907 0.892307926068536 0.885917299326866 0.879354303306985 0.872645583498401 0.865812994715651 0.858874527151226 0.851845055678453 0.844736940442508 0.83756050497244 0.830324417928937 0.823035996706674 0.815701450080307 -9999 -9999 -9999 -9999 -9999 0.795099422302308 0.793452219321059 0.79152230354326 0.789317443999221 0.786846172529051 0.784117638113913 0.781141462465386 0.777927601917408 0.774486218155163 0.770827560850754 0.767284274993982 0.763737144997042 0.760028809788768 0.756587413976051 0.752944489484643 0.749108814778603 0.74508909064228 0.740893882900598 0.736531574091759 0.732010324249315 0.727338039880308 0.722522350442626 -9999 -9999 -9999 -9999 -9999 -9999
0.955040631397635 -9999 -9999 -9999 -9999 0.938963904287842 0.93552705083718 0.931360638257705 0.926588778704844 0.921321556513145 0.915651721097994 0.90965504183533 0.904160031725947 0.898842388383652 0.893212042135874 0.887315856524797 0.881193404578756 0.874877896706105 0.868397123680579 0.861774329219557 0.85502897618988 0.848177399157007 0.841233349849815 0.834208447275145 0.827112546996266 0.819954043275273 -9999 -9999 -9999 -9999 0.791522189788868 0.789317296949773 0.787198487814322 0.78561196894861 0.783751997980569 0.781625562136359 0.779240361281398 0.776604683818929 0.773727282406718 0.770617253493412 0.767283923424127 0.7637367433672 0.760028468848515 0.756587024143214 0.752944048572315 0.74938306565423 0.745843355297077 0.742113248518772 0.738200883433147 0.734114305435106 0.729861420709708 0.725449957670893 0.720887435312782 0.71618113862779 -9999 -9999 -9999 -9999 -9999 -9999
0.948973093624576 -9999 -9999 -9999 -9999 0.93147216853291 0.928393971968955 0.924620769365788 0.920251149497942 0.915377452704632 0.910081606776395 0.904433766650272 0.898492669851379 0.892937415242069 0.887602438687396 0.881986144103208 0.876126789705413 0.870057251308307 0.863805626767009 0.857395861494284 0.850848342336288 0.844180433447569 0.83740694569509 0.830540538920981 0.823592062972693 0.816570844187392 0.809484924984573 -9999 -9999 0.787904098176698 0.783751888259536 0.781625420212907 0.77928719784356 0.7777571359165 0.775962352638978 0.773909152281527 0.771604503937784 0.769055935293996 0.76627142533271 0.763259299227543 0.760028127908746 0.756586634311002 0.752943607660775 0.749382687004342 0.74584292670381 0.74212904568205 0.738687552183798 0.73505814425714 0.731248434905938 0.727265979733395 0.723118232544062 0.718812507859985 0.714355949502365 0.70975550530873 0.705017907186258 -9999 -9999 -9999 -9999 -9999
0.942419047570584 -9999 -9999 -9999 -9999 -9999 0.921085451904466 0.917646400174263 0.913628873601382 0.909109548886911 0.9041593860724 0.89884161423005 0.893211136736296 0.88731481836104 0.881711470544942 0.876362446106628 0.870757754976996 0.864929219710008 0.858904578021746 0.852707891773679 0.846359976624783 0.839878817568685 0.833279953316558 0.826576819617331 0.819781050803195 0.81290274076774 0.805950666590781 0.798932479456737 0.791854866876673 0.784723689877671 0.77754409972217 0.773909015227747 0.771604332229808 0.769889213700777 0.768155316967762 0.766170642772289 0.763941516301695 0.761474791032268 0.758777755867405 0.75585804338203 0.752723541222756 0.749382308448393 0.745842498180315 0.742128677706411 0.738687135327142 0.73505767647655 0.731481450727558 0.727948133931936 0.724236603939754 0.720353956564649 0.71630721750327 0.712103306194014 0.70774900516936 0.703250934471003 -9999 -9999 -9999 -9999 -9999 -9999
0.935526691080771 -9999 -9999 -9999 -9999 -9999 -9999 -9999 0.906782596204912 0.902580323996551 0.897946339093132 0.892936683895423 0.88760157863081 0.881985152923476 0.876125665910767 0.870483051830535 0.865122410539579 0.859527461724573 -9999 -9999 0.841590034547585 0.835296419651411 0.82887411885174 0.822337087148636 0.815697532315762 0.808966143899614 0.802152295084483 0.795264218807358 0.788309160687576 0.781293510894771 0.77422291770885 0.76710238516103 0.763941350217301 0.76200950046674 0.76033259034458 0.7584121572698 0.756253957174377 0.753864244437101 -9999 -9999 0.745374362466899 0.742128309822037 0.738686718583084 0.735057208807184 0.731481045145002 0.727947678441161 0.724236096646133 0.720787411991388 0.717169807060154 0.713382844264288 0.709433145215589 0.705327253690159 0.701071605677922 0.696672504323899 -9999 -9999 -9999 -9999 -9999 -9999
0.928393648049732 0.924620288601364 -9999 -9999 -9999 -9999 -9999 -9999 -9999 -9999 -9999 -9999 0.881710653369771 0.876361500058014 0.870756677957613 0.864928010212307 0.859252740876714 -9999 -9999 -9999 0.836563167927312 0.83045600494255 0.824210407064166 0.817840613017898 0.8113592034947 0.804777295129298 0.798104716644275 0.79135016668586 0.784521353747601 0.777625119218425 0.770667545345823 0.763654049174916 0.756589464592125 0.754119129727019 0.752495660583999 0.750635560299568 0.748544080103376 0.746226940730271 -9999 -9999 0.737984343799682 0.734828714877111 0.731480639563059 0.727947222972652 0.724235589395872 0.720786968203115 0.717169312462429 0.713579781908344 0.710052063244473 0.706356851116391 0.702500386711719 0.69848885745144 0.694328368304195 0.69002491725004 -9999 -9999 -9999 -9999 -9999 -9999
0.921320051658011 0.917645960053598 -9999 -9999 -9999 -9999 -9999 -9999 -9999 -9999 -9999 -9999 -9999 0.870482148772452 0.865121378518977 0.859526298778375 -9999 -9999 -9999 -9999 0.831302342701252 0.82537902847974 0.819308784560097 0.813105927070125 0.806783227501205 0.800352071446857 0.793822607714371 0.787203885533421 0.780503979320311 0.773730100588867 0.766888697871976 0.75998554522948 0.753025820498893 0.746226750071618 0.744645835420597 0.742842495020367 0.740813876803648 -9999 -9999 -9999 -9999 -9999 0.724228204207581 0.720786524499352 0.717168817968985 0.713579349287771 0.710051580808455 0.706356317078397 0.702887033950759 0.699279823797753 0.695512950555269 0.691592264490194 0.687523555315436 0.683312528230956 0.678964783545987 -9999 -9999 -9999 -9999 0.655362038856898
-9999 0.910491925143972 -9999 -9999 -9999 -9999 -9999 -9999 -9999 -9999 -9999 -9999 -9999 -9999 -9999 -9999 -9999 -9999 -9999 -9999 0.825828757696711 0.820085515598642 0.814188078296834 0.808150665142813 0.801986079270326 0.795705832675985 0.789320268418093 0.782838676821648 0.776269403635532 0.769619949435947 0.762897060049881 0.756106808093055 0.749254666111768 0.74234557181868 0.736784268528517 0.735034414365194 0.733065113062591 -9999 -9999 -9999 -9999 0.720107027839003 -9999 0.713578916790396 0.710051098494293 0.706355783140983 0.702886563207972 0.699279302385924 0.695678059092798 0.692155281965108 0.6884745159331 0.684641292950558 0.680661103053777 0.676539371503774 0.672281438780126 0.667892543521491 0.663377808187484 0.658742227212821 0.65399065756354 0.649127811433113
-9999 0.904157772873104 -9999 -9999 -9999 -9999 -9999 -9999 -9999 -9999 -9999 -9999 -9999 -9999 -9999 -9999 -9999 -9999 -9999 -9999 0.820161838669552 0.814594012312099 0.808865895957384 0.802991470655501 0.79698343665573 0.790853307929835 0.784611508986528 0.77826747018441 0.771829719403428 0.765305968180401 0.758703191809517 0.752027702828073 0.745285218032638 0.738480919289519 0.731619508046593 0.727212607841643 -9999 -9999 -9999 -9999 0.715601171058092 0.712691212407489 0.709598178444216 -9999 -9999 0.699278781033356 0.695677599539692 0.692154772658446 0.6884739551645 0.684986449446661 0.6813884626708 0.677639460437865 0.673744648660631 0.669709185500286 0.665538161983739 0.661236585380429 0.656809364719171 0.652261298874731 0.647597066630291 0.642821218857506
-9999 0.897944824218857 -9999 -9999 -9999 -9999 -9999 -9999 -9999 -9999 -9999 -9999 -9999 -9999 -9999 -9999 -9999 -9999 -9999 0.820083963229741 0.814319286193517 0.808921588333997 0.803358596018885 0.797643941166089 0.79179011134493 0.785808517100317 0.77970956585209 0.773502737703558 0.767196660887058 0.760799184801101 -9999 -9999 -9999 -9999 -9999 -9999 -9999 -9999 -9999 0.710728604287551 0.708078152622081 0.705242432570166 0.702226737100487 -9999 -9999 -9999 0.6884733944908 0.684985951767517 0.681387914410619 0.67777628237572 0.674257898371241 0.670590010198908 0.666777554758949 0.662825435924083 0.658738505891696 0.654521549047397 0.650179267593665 0.645716269638377 0.641137059035747 0.636446027070918
-9999 -9999 -9999 -9999 -9999 -9999 -9999 -9999 -9999 -9999 -9999 -9999 -9999 -9999 -9999 -9999 -9999 -9999 0.820160463082638 0.814592506048322 0.80886425790301 0.80308387797197 0.797681295062673 0.792122610625877 0.786420012543366 0.780584721458934 0.77462704410225 0.76855643142381 0.762381539007646 0.756110287300271 -9999 -9999 -9999 -9999 -9999 -9999 -9999 -9999 0.705507524343256 0.703111098286145 0.700528036945359 0.697763125542789 -9999 -9999 -9999 -9999 0.681387366206462 0.677775795850912 0.674257362130523 0.670589422657845 0.667085683090688 0.663495934871906 0.659762932205613 0.655891337302419 0.65188577423866 0.647750813176293 0.64349095657313 0.639110627097188 0.634614157503241 0.630005782048414
-9999 -9999 -9999 -9999 -9999 -9999 -9999 -9999 -9999 -9999 -9999 -9999 -9999 -9999 -9999 -9999 -9999 -9999 0.814317954015945 0.808920126877207 0.803357003930059 0.797642217379053 0.791847902862319 0.78644095884443 0.780886137089509 0.775194399254737 0.769375882261013 0.763439940810589 0.757395194052718 0.751249573907229 0.745010373871052 0.738684296775089 -9999 -9999 -9999 0.712627124646506 0.705949632614087 0.699956119433859 0.69780749973042 0.695471643216597 0.692952823063126 0.690255502814502 0.687384302853291 -9999 -9999 -9999 0.674256826016397 0.670588835206621 0.667085158455283 0.663495359751941 0.659874451740248 0.656359998147008 0.652703660920002 0.648909872891467 0.644983040483736 0.640927528619677 0.636747647206418 0.632447639267406 0.628031670814652 0.623503822164953
-9999 -9999 -9999 -9999 -9999 -9999 -9999 -9999 -9999 -9999 -9999 -9999 -9999 -9999 -9999 -9999 -9999 -9999 -9999 0.803082459959546 0.797679747765031 0.792120932735688 0.786418203011052 0.780611441433032 -9999 -9999 0.763967335593765 0.758164067390982 0.752247964159711 0.746226917240822 0.740108220378804 0.733898609527476 0.727604302113392 -9999 0.71478410176127 0.708268385700557 0.701688394011065 0.695048287351778 0.690089985924314 0.687811850316367 0.685354323633249 0.682721574363001 0.679917926212597 -9999 -9999 -9999 0.667084633926133 0.663494784754647 0.659873938262365 0.656359435003849 0.652703046604694 0.649184754532545 0.645602408967661 0.641883812807144 0.638033165238499 0.634054634768795 0.62995234614707 0.625730368805639 0.621392706770602 0.616943290007131
-9999 -9999 -9999 -9999 -9999 -9999 -9999 -9999 -9999 -9999 -9999 -9999 -9999 -9999 -9999 -9999 -9999 -9999 -9999 0.79709377093493 0.791846399067359 0.786439325757823 0.780884373444709 -9999 -9999 -9999 -9999 0.752739013233572 0.746949666616617 0.741051740391562 0.735052485660023 0.728958630732139 0.722776414022987 0.716511616335575 0.710169592673841 0.703755302802997 0.697273340275 0.690727960079764 0.684123104456446 0.680133180670402 0.677734185747605 0.675163170497165 0.672424185271006 -9999 -9999 -9999 0.659873424854053 0.656358871963751 0.652702432391536 0.649184202940706 0.645601806994695 0.641972567232828 0.638461650038877 0.634815731063034 0.631038812387405 0.627134874882532 0.623107865565071 0.618961686500183 0.614700184775748 0.610327143909267
-9999 -9999 -9999 -9999 -9999 -9999 -9999 -9999 -9999 -9999 -9999 -9999 -9999 -9999 -9999 -9999 -9999 -9999 -9999 0.790967039487234 0.785869714293576 0.780609851793238 0.775198860837605 -9999 -9999 -9999 -9999 -9999 0.741509590676018 0.735733003760926 0.729851792302224 0.723872641335832 0.717801776186966 0.711644989487908 0.705407668294725 0.699094820643029 0.692711101285735 0.686260836349338 0.679748046655592 0.673176470159457 0.67009390889107 0.667581960831783 0.664904915930356 -9999 -9999 0.655922921450947 0.65262562876643 0.649183651483135 0.645601205154803 0.641972026817713 0.638461060004017 0.634815089971905 0.631283679505767 0.627708021105344 0.6240024641411 0.620170810418228 0.616216836742244 0.612144284057657 0.607956847701465 0.603658169022969
-9999 -9999 -9999 -9999 -9999 -9999 -9999 -9999 -9999 -9999 -9999 -9999 -9999 -9999 -9999 -9999 -9999 -9999 0.789490426593229 0.784714050786034 0.779761362368704 0.774643985594756 0.769372883015229 0.763958353038129 -9999 -9999 -9999 -9999 0.735936498617019 0.730279199932292 0.724514349862003 0.718648559458662 0.712688011113738 0.706638480647343 0.700505360087774 0.694293680411417 0.68800813383403 0.681653095712744 0.675232645404214 0.668750586474855 0.662434860428018 0.659979470759668 0.657361798787996 -9999 -9999 0.648572474961085 0.645343488652845 0.641971486501449 0.638460470099562 0.634814448994034 0.63128310098909 0.627707392285169 0.624070628870333 0.620562909818633 0.616926434524255 0.613164834131538 0.609281722506826 0.605280685800166 0.601165272999431 0.596938987545997
