Data/Bandafassi_data/bandafassi_hand.asc
NCOLS 241 
NROWS 241 
XLLCORNER -120.5 
YLLCORNER -120.5 
CELLSIZE 1 
NODATA_value -9999 
[rows 120 to 139 of 241, columns 0 to 45 of 241]
71.1601024141242 49.2241591790515 47.7640592927264 66.3616076236161 106.415492884821 145.779145150218 163.943980870308 151.227827425176 154.882705973577 204.900938446762 218.376003901513 155.855018748999 105.551723077606 61.7377961229879 18.8056648108425 4.25062667712772 6.98981005487319 30.9428912268409 80.2024365491179 60.2505410321624 34.5503387305464 27.7933258175026 22.1162509721323 20.681004767988 18.9626868948936 22.7679654286783 26.027244843753 30.2644656306015 21.3688500490574 19.4296799817849 24.9267491972915 32.8843970479783 36.2487934862867 33.0331069504515 25.503315262848 26.1348305865904 25.7234078330518 21.3028488759641 15.0718780278169 4.40618969051829 1.21183023481393 6.46862200565976 18.0398879725682 39.1912303714308 41.4379152059604 42.8482635069217
72.8293472121764 55.6378659667989 59.4525580300861 86.0962651661135 117.404830104138 153.632465725166 164.634402669134 167.604737380319 181.761300297339 224.223860646123 224.947883844178 147.308497124744 101.96050019989 62.5331064974155 21.6467178873383 4.96746495585159 13.4629384142947 49.2339382314103 96.8130038900961 95.7897392309441 70.9047605034005 49.1264231325393 28.6615216819275 22.5751073889914 21.6007574776286 24.063450235276 26.5892149772902 30.0655219137819 23.9821472756961 27.3295485285004 45.186420589681 64.7794573420514 61.6321008374225 41.2848230750666 32.2812820730532 33.0054584011695 26.7577259851845 21.1295443186818 15.3799637895814 6.02327114850861 1.99078530875956 6.80959731140516 23.0243394234355 24.0453893625743 19.9894836163018 20.6849700775835
51.4787599715472 47.645517857604 60.0728172709273 93.0989258493833 131.305606572413 163.970604934339 175.077755836168 187.119766762436 203.954811222735 238.202429752062 219.302939190514 137.836434655031 97.7275854581344 58.2590508016774 22.3228860140923 6.0764366206425 25.1342779254068 58.1857028118045 89.8829742857143 126.673015541369 119.170122314871 74.8579959432201 33.9872058159782 25.3236151736267 26.6633142055963 28.5054540063645 29.2109768836415 31.1485397529242 31.2843211465016 37.3361987037347 62.1261385740926 80.2120565143814 63.7191436844731 46.3162474678532 39.5318300583801 38.7043560503169 27.6488513735564 17.9204061969307 9.96450686046696 3.85064007691628 1.22855770457242 4.64852078409772 12.1980260304582 12.8194679035068 13.9102969992735 16.9684712220745
35.9508581534664 39.7860443723559 56.5813869343773 90.4026164397806 126.562322402778 163.418043998994 186.307975498733 205.631249086154 228.288650664942 260.829694833398 197.008512793622 127.875274936272 90.8960200852154 54.4877142433511 18.7485626695706 3.98218673303486 25.2694988626472 52.0763419232983 80.3358244337488 132.946207648702 125.649025722659 66.7491719435029 35.0014814892772 28.001010856886 30.5915973017241 32.6330859542453 32.4666739711495 32.7619163953419 35.2643675975235 43.3566823154907 65.0721301890693 88.7667511904757 76.1644748210958 49.8467570448759 47.7338771845237 47.2748729574514 29.1520507851508 15.8693938830645 7.85946168574025 3.48926307003438 1.47560111681775 2.69662685342488 8.67200684010164 11.4274917436284 17.0231576479397 23.2195374297775
33.0960764588758 42.2017921333869 62.2335713948643 91.0954620698537 123.988333480834 171.508921343171 188.086210597828 212.631806159836 242.013515469404 266.679845452821 172.472864657376 120.200080320699 86.2553170952544 47.143484075183 14.9309962715613 9.21809415386031 22.8046278997601 36.2953555864229 61.6043699419916 104.889556915705 92.1037611450009 48.197426557802 35.949600643987 34.1932922377615 34.4072573268948 36.031661236595 35.5753603852282 36.4624791154184 38.4797172100415 44.5273058263471 54.1761573015595 79.6164894906932 80.3613949604637 51.5335166501934 63.0508083275393 46.3939725458812 22.7647673361269 15.4298527982021 4.88523139497093 1.22677146738172 2.26819549010574 6.66927096454482 9.54051874147202 14.3421173360074 22.3948823977811 32.9088078303118
33.0657370877856 45.4068572546809 64.9564222349853 96.6518201088898 146.271275309223 190.885688738778 211.221620878709 230.567935871179 256.657752412868 254.306548474024 158.848916507986 109.256293036279 75.2191886138327 35.677257215584 8.64567881957393 38.2053963889912 28.2485348976674 26.8046310303722 52.5671289999293 89.841405682379 77.841348169255 48.3723752615243 41.078089845033 40.9216947548926 40.3539550861663 41.1580915106253 40.8989533402032 42.5107613385815 45.1438150739114 51.8826095203751 74.2419856557987 98.9361315087135 84.3667074159937 60.3484359456445 50.4317433448201 32.2862407803642 21.5363040679922 15.1111770823201 7.8853633433878 1.56229330008947 8.36418042127317 25.6062848438126 29.9406099971012 18.4183145956586 25.0142108942265 51.8329449257872
43.0326280418146 58.7224895562852 80.640117812677 117.996384834513 178.349251510945 204.080118773867 227.814463837483 254.466531902613 278.916642459171 227.321128435751 139.284327042205 93.5419061145829 55.6029032134626 21.4188675165693 25.0701962722453 70.0368106346778 46.9329318045561 37.6256302559659 60.6950778059453 80.0659508709626 93.2375887037419 76.7896804367043 54.5329545042189 49.7448518297204 52.558518472004 51.276971301868 48.9169405234724 50.627282442301 58.7338415222546 69.5289798143441 100.46477469754 122.923744270028 105.202908986834 75.4009010873391 62.984716806381 56.6958676572174 48.2766512804355 31.2827047314332 10.2016346313156 2.78807420325014 15.5814303551124 43.3533054404832 63.3655809540079 45.4376150370426 36.9649982823871 54.6471012152023
54.1897567544237 74.2455837857317 100.536265488864 141.400219407283 191.324578782679 216.319728064733 241.766957228909 268.598509311112 248.192526712281 193.710485937908 112.213771476094 75.3452574642205 33.8721617621017 16.1381629801361 54.7401261878292 101.093259478738 85.3232051693196 66.4431079600384 68.7325430635599 74.7598539394709 110.538632844156 114.682142288921 79.024854750598 65.6316262606178 87.0184919209344 77.3569372787305 66.2492676145799 63.2312844341275 85.2460537451139 95.672200546404 110.752329546143 120.148440563648 95.8046286765313 87.762940697766 71.4257774745981 70.6174074895346 58.8612251325369 29.6941498933109 7.17727382610502 3.85087913419224 22.446750213981 57.3305499749223 74.4371154108943 72.015403892635 64.8650586588481 67.2266306471382
61.4386196101072 90.1948187647716 121.597411436422 174.738784283573 197.979262897896 218.634469715389 252.305448686303 263.944684997138 211.852788319815 152.078417189467 84.2010477587016 52.1288279533267 19.8320071877139 33.4060323554372 80.6548589018527 115.910826750957 134.877646748118 116.26388644136 97.1426640963094 86.5685040551119 100.213673766474 139.310002099302 132.010763561386 101.704145420941 125.138942309663 105.874394511279 94.0755544703732 85.8736737761007 86.4633848493851 76.5434690295038 76.6540367433196 79.4337669849595 54.6695009939233 55.00930981621 38.3878647250044 29.1571131077989 22.8756904368514 11.3588426233953 2.37251681975164 3.92177073108271 25.3912340092749 64.6843073858672 79.9222968588477 78.5497928541115 78.0543719378997 77.3441575562287
73.2250512886195 104.544339408572 149.167191514334 198.231705790695 218.16612659285 235.718121450653 262.501568967916 259.744965756509 195.258223796427 138.241326335961 75.6781685982502 41.8958376655644 17.4174453997425 39.9906670099402 70.3887215525306 118.771740669288 172.280326551722 156.399193842262 136.885824689029 113.612578431115 113.834548171504 149.593097465512 185.216774166842 166.908691210767 160.196649275712 143.603401530051 124.058278770777 100.694124112948 70.3221452876959 57.6921379192413 54.4872595622054 55.3853419974476 45.5485259538767 36.1709822983811 22.6607434849689 16.5674096849594 10.5764843633955 5.67487412084308 3.7291561759924 3.2288678492151 20.1378219642195 49.9895686382391 54.8040338985156 68.8600022632687 77.8633324309495 73.8915734616815
92.5048863310742 118.768189493514 170.604065763463 215.661357395615 234.437345697132 255.363474574275 272.691851943829 228.121744049833 162.779680661094 118.892636405261 75.6471448302292 43.1368527021803 15.1506740039214 31.5139377343784 68.4526462137312 128.805713351369 192.057355734964 190.207175368972 164.149175464509 151.303612432011 140.732697581647 154.082070471757 194.101487823276 217.120376369809 216.363254967655 191.135896465654 152.564442843486 127.933383527789 79.5544876796781 55.5484709107852 43.275976924319 40.3222496964016 31.8109289306179 23.1609849372623 16.7720253723773 12.7813568531757 8.70288966322901 4.34667902030401 1.48460784737571 5.09309189107686 12.7371848248652 21.8986511211838 27.1241892099166 38.6240344349276 55.7115287898763 57.8441082758349
104.936967781624 137.602831224096 191.764402346796 236.739554094161 257.004851691755 275.616786065352 244.290064388246 183.153300158485 150.452744939746 111.073180416537 78.681801870375 47.7408589314012 18.3299741467004 22.3763652613026 68.1452298579124 112.198886178559 163.689145206413 219.231309879141 201.177551085352 181.694167891703 168.645451918685 165.405112637322 190.082629534308 223.499559404909 231.348545757136 227.436285488119 202.354729404058 153.558261797356 86.382149822396 48.492466501217 35.9064119040911 30.1292875865299 23.9539482568195 19.9046651337873 14.3129150853952 11.2667152459661 8.0998549655864 4.8918172595002 1.86520000056732 5.21744653762055 11.0984459461379 12.9664824746551 18.3821890856482 25.6943726766273 29.0725368481979 44.1445780566698
109.77727686979 152.659082981216 195.891799784137 236.706444337107 273.312244945639 269.345439539749 159.098569402993 139.24848504536 144.04215797766 123.678798380909 83.4370756980628 49.814035527457 17.929127630109 12.1844051101922 49.3137651196911 90.6593281096994 127.719790823942 162.768623306697 205.510094360629 225.0513070915 200.037123454024 191.556157716345 190.871967929031 204.961347526724 213.70211995324 215.051728157742 225.468136479052 181.597221810051 111.826435442675 66.7950058176673 41.3056230027082 31.0472999243462 23.0687663369779 18.3714041077951 13.1077055880952 9.47674701413554 6.97375977622056 5.96987587916424 1.78831134807113 1.92580083960784 2.26454641348 4.69738015298902 9.85150228372308 13.4760427687555 16.6794928173592 34.3883734676529
112.783988860343 160.504206690995 197.321576732983 235.066783017639 246.966762799962 216.103003273303 119.801099075917 109.490128367198 90.0283268086801 88.8860365224001 72.9281471672388 46.4399733024336 14.3286307383042 27.0014849788261 51.2635816867673 73.7735811924382 90.3840600240202 104.920617368281 123.617560042855 208.358123841743 246.087086284155 227.362135959258 211.683035701116 200.736870444689 200.318527978521 209.130964450823 228.361773364332 211.316320137238 160.598031986309 97.542696798394 51.6774866977527 34.3027527057055 23.5255449157041 17.9964727489144 15.0107293705272 11.6734447158552 9.00557047250224 6.8091136512502 3.4415479842561 4.19775953124882 3.10026350351903 1.56895873271367 2.91906543677518 8.4751398441715 16.0534913358391 29.0788794052611
114.306201954516 150.490559950432 179.747760875772 196.617877932287 217.03247916298 178.587705301882 95.8712204588654 87.0698151032283 58.2152949683421 41.494935032973 35.8423311827822 24.2348694628187 10.6445206647273 20.1005070773711 37.2290857712398 49.5417888986735 61.6358357802682 75.5600702875424 93.1736367619443 136.442941325303 204.51032502196 236.894117906708 235.106026948345 218.869556899767 214.274221805413 210.075590569051 227.46433914639 228.554943713933 184.687979556945 120.844608744245 59.4690268303518 36.2202817732346 24.0370558498287 19.8434397620818 15.7284950180987 13.773264537009 11.7943294178518 7.46531059544675 6.3556947474432 7.45325454032962 5.81387924241562 1.58459609921107 2.75639042043769 7.81231403768909 12.6011908047036 24.6780242215837
112.697291271462 139.350407444372 149.033868594769 170.253530426082 210.215759386271 157.122159136937 73.3418693593953 63.757758415752 38.7715304999017 18.6772580399008 22.1002533024748 13.8618119007603 14.0114680777078 21.118232019311 26.582123757205 36.8433796778012 41.1863787929966 55.2137908951371 74.017478973466 108.402999177391 128.334708115908 174.491887256761 242.66311757859 241.888369267802 234.508614405439 220.453717708629 227.154114919751 239.912052983789 192.359877814696 130.540794344048 69.4197035183978 36.2649546521964 26.3707799269573 22.117853032903 17.9961043812283 16.3142525897579 12.4594007150368 8.73673542783502 9.86250242445763 10.2089789227204 7.00510593734276 2.98641209948275 3.69300509386279 9.24458485356342 14.7867610708053 26.343885916965
93.1782359552378 125.112643389575 136.669712282166 155.606031283596 188.734108293692 181.270599524348 71.7260437735205 51.6295951129307 36.4864722330316 17.6297136520981 9.21973112681856 8.44413270871575 23.6771620820112 35.0038475747595 31.8877875097712 26.2887849895355 40.3534086496899 56.259414430849 67.1103838052664 86.4224323912296 97.4333948447426 126.036181686611 199.237218779644 272.927981538387 252.186671941248 234.542453880999 228.698490624905 238.603436755113 185.132593381457 121.454618904095 63.6991683400441 39.5888216346902 31.5271524053246 26.5528134426312 22.5631709196857 18.2059573125252 14.2671081691136 13.3493466848491 12.057961664776 8.15699740916758 5.27796483161303 2.48456738945709 6.23694781049478 9.81443887042139 15.5223545936221 27.7716270425545
75.1152543044276 104.27007820074 134.056116219909 162.619094846725 183.133287290307 154.160094525008 55.3672448758207 39.6719522458093 28.659490786751 15.2053863036807 8.25985286271122 18.5861992040104 36.2903094104841 47.8185052418033 48.2093989954864 35.3640225105782 44.1594313410315 61.1339030491163 71.1859597432807 82.8374085852508 101.491181174176 125.33221110662 181.660460283239 280.841060646381 265.086929777894 248.068663396455 237.533847697508 237.710580371677 176.412885159603 119.546789416226 71.1446540075258 45.6423522217954 36.2132536964459 30.5727213071107 24.655759188734 20.414171191216 20.4208346365703 20.4369748148977 16.086672112184 11.4414101475724 6.40101258246419 3.42036454203454 8.78455617961551 10.8036941358458 16.1563971604871 26.3646201116939
61.3267532306257 90.3513862416844 131.543839474457 175.637702258919 147.997735640051 71.2701221519144 41.8785255974025 31.1387585674852 16.8561384958931 6.94658014171209 14.5380604549668 31.3334275757873 56.3339768001833 72.7035906892793 61.5786158892271 49.8938026253304 41.4856012908149 55.0005633461572 69.2019674334101 85.2265804142462 108.220673493647 141.410884105542 186.723556749526 277.450805837628 266.799555346914 251.936665758518 245.735222830501 233.117203914151 171.200612186692 125.767006175305 96.3424119859954 64.087368772207 48.5312903488777 52.0911994117434 36.114888610785 33.6196912403534 36.7312349948183 30.3077176106417 24.6438059680284 14.2253152629568 5.56815308065827 3.00787952165289 8.19950918181518 12.7105068289904 20.1288045962729 35.8805932836199
48.0227956059503 85.3869912001139 150.385977353398 136.292231360565 71.4244936784055 50.8895313550705 37.9109659271416 25.2265724161704 12.4581542278834 8.57864646138152 22.1469678294885 40.1153584884015 66.1858976664895 90.3664119686829 82.9212341203724 61.9989089287417 48.0548226525002 54.8316481807018 69.1792390643986 83.0591640292928 108.769288298387 145.189688035451 191.493717913053 268.339788714188 265.446274788872 252.298310945626 250.431030393851 238.571151274413 190.999858514093 145.201980719003 110.269080837397 86.7346323347711 83.8506214608668 80.4432642741199 59.4047841973109 77.6601212234062 99.416620181928 69.4649849112401 33.247244625244 15.555876525922 3.82257919598683 1.57874848713092 3.84031678189471 8.11351775855186 14.8487607331424 37.2823029422235
