Data/Bandafassi_data/bandafassi_farm_probability.asc
NCOLS 241 
NROWS 241 
XLLCORNER -120.5 
YLLCORNER -120.5 
CELLSIZE 1 
NODATA_value -9999 
[rows 52 to 77 of 241, columns 120 to 179 of 241]
0.792168107450607 0.797723250439891 0.803401766149832 0.80896121587006 0.814355409003304 0.819569523294746 0.82458749958689 0.829392030352546 0.833964585247654 0.838285485432037 0.842334039452148 0.846088754008206 0.849527631138821 0.852628559178525 0.855369799215461 0.857730558385524 0.859691629987154 -9999 -9999 -9999 -9999 -9999 -9999 -9999 -9999 -9999 -9999 -9999 -9999 -9999 -9999 -9999 -9999 -9999 -9999 -9999 -9999 -9999 -9999 -9999 -9999 -9999 -9999 -9999 -9999 -9999 -9999 -9999 -9999 -9999 -9999 -9999 -9999 -9999 0.77976713269174 0.773563932884016 0.767261488453447 0.760867646154371 0.75438954383146 0.747833675263178
0.797689814027968 0.803400963472132 0.808960479032886 0.814634096107999 0.820198444486312 0.825587193647378 0.830783566802647 0.835769302176888 0.840524642745187 0.845028377981363 0.849257954451578 0.85318967490859 0.856799003407491 0.860060992221157 0.862950837392257 0.865444559217315 0.867519786613429 -9999 -9999 -9999 -9999 -9999 -9999 -9999 -9999 -9999 -9999 -9999 -9999 -9999 -9999 -9999 -9999 -9999 -9999 -9999 -9999 -9999 -9999 -9999 -9999 -9999 -9999 -9999 -9999 -9999 -9999 -9999 -9999 -9999 -9999 -9999 -9999 -9999 -9999 0.778328822986294 0.771894638606566 0.765374452206597 0.758775237503393 0.75273548247676
0.803037699827356 0.808908661945601 0.814633336784103 0.820197751069388 0.825865841558962 0.831435716455878 0.836818267574485 0.841994349818658 0.846943014625241 0.851641503038971 0.856065313226616 0.860188369343433 0.863983318529096 0.867421982195558 0.870475980829183 0.873117535251148 0.87532042760898 0.877061075167354 -9999 -9999 -9999 -9999 -9999 -9999 -9999 -9999 -9999 -9999 -9999 -9999 -9999 -9999 -9999 -9999 -9999 -9999 -9999 -9999 -9999 -9999 -9999 -9999 -9999 -9999 -9999 -9999 -9999 -9999 -9999 -9999 -9999 -9999 -9999 -9999 -9999 -9999 0.776334362065531 0.769688399673023 0.763269631557721 0.76004009083054
0.808197224780712 0.814231223437616 0.820125261246347 0.825865125641267 0.831435066452655 0.837096872618234 0.842673031914136 0.848048463559428 0.853201115373795 0.858106715494238 0.862738773200141 0.867068690167841 0.871066022942983 0.874698937450164 0.877934891600638 0.880741567792064 0.883088045231605 0.88494616376184 -9999 -9999 -9999 -9999 -9999 -9999 -9999 -9999 -9999 -9999 -9999 -9999 -9999 -9999 -9999 -9999 -9999 -9999 -9999 -9999 -9999 -9999 -9999 -9999 -9999 -9999 -9999 -9999 -9999 -9999 -9999 -9999 -9999 -9999 -9999 -9999 -9999 -9999 -9999 0.773798454149747 0.770627612577985 0.767295906861215
0.813152784246484 0.819352282652632 0.825419176247856 0.831339154593577 0.837096200062317 0.842672425279516 0.848327020976303 0.8539103906757 0.859277560883808 0.86440285652354 0.869257828977534 0.873811273185458 0.87802941423511 0.881876326062849 0.885314646009022 0.888306633958093 0.890815591092293 0.892807594485663 -9999 -9999 -9999 -9999 -9999 -9999 -9999 -9999 -9999 -9999 -9999 -9999 -9999 -9999 -9999 -9999 -9999 -9999 -9999 -9999 -9999 -9999 -9999 -9999 -9999 -9999 -9999 -9999 -9999 -9999 -9999 -9999 -9999 -9999 -9999 -9999 -9999 -9999 -9999 -9999 0.777937987355549 0.774498220683572
0.817887726811027 0.824254224045908 0.830496528181164 0.836600405037115 0.84254975455872 0.848326391843663 0.853909827474345 0.859556064461253 0.865147792881606 0.870505262609565 0.875598204410454 0.880392822168368 0.884851844445585 0.888934843623717 0.892598925985903 0.895799889913071 0.898493912990225 0.900639751724551 0.902201315506333 -9999 -9999 -9999 -9999 -9999 -9999 -9999 -9999 -9999 -9999 -9999 -9999 -9999 -9999 -9999 -9999 -9999 -9999 -9999 -9999 -9999 -9999 -9999 0.876385715030337 0.870784246232974 0.865147792881606 -9999 -9999 -9999 -9999 -9999 -9999 -9999 -9999 -9999 -9999 -9999 -9999 0.788518468049446 0.785195895357764 0.781641738049705
0.822384407675686 0.828918211551281 0.835337282615849 0.841627669414569 0.847773418365842 0.853756293667443 0.85955547861999 0.865147272977488 0.870783703650484 0.876385238390508 0.881731158784651 0.88678524926175 0.891506718026817 0.895850318377526 0.899766913730564 0.903204656772257 0.906110933373408 0.908435123181665 0.910132052510335 0.911165768050833 0.911513023388071 0.911513023388071 -9999 -9999 -9999 -9999 -9999 -9999 -9999 -9999 -9999 -9999 -9999 -9999 -9999 -9999 -9999 -9999 -9999 -9999 -9999 -9999 0.8820100245042 0.876385238390508 -9999 -9999 -9999 -9999 -9999 -9999 -9999 -9999 -9999 -9999 -9999 0.801959977107898 0.799027612368722 0.795835572011545 0.79239583369902 0.788720495028772
-9999 -9999 -9999 -9999 -9999 -9999 -9999 0.870783161115544 0.876384761847163 0.882009525243306 0.887622727314217 0.892954667784265 0.897961245937688 0.902592279775639 0.906791775930162 0.910498968909905 0.913650428242943 0.916183444507566 0.91804065733576 0.919175466719684 0.919557293974031 -9999 -9999 -9999 -9999 -9999 -9999 -9999 -9999 -9999 -9999 -9999 -9999 -9999 -9999 -9999 -9999 -9999 -9999 -9999 -9999 -9999 0.887622727314217 0.882009525243306 0.876153299189146 -9999 -9999 -9999 -9999 -9999 -9999 -9999 -9999 -9999 0.812220789136714 0.809453609122533 0.806407680309331 0.803095938278402 0.799531556280331 0.795727758959668
-9999 -9999 -9999 -9999 -9999 -9999 -9999 -9999 0.882009026034104 0.887622294110181 0.893232942357884 0.898860259637779 0.904174935519747 0.909122102168058 0.913638578918689 0.917653468638322 0.921090172790643 0.923870348510787 0.925920041235365 0.927177543661623 -9999 -9999 -9999 -9999 -9999 -9999 -9999 -9999 -9999 -9999 -9999 -9999 -9999 -9999 -9999 -9999 -9999 -9999 -9999 -9999 -9999 -9999 0.893232942357884 0.88733982271111 0.881220456701178 -9999 -9999 -9999 -9999 -9999 -9999 -9999 -9999 0.822363341297368 0.8197820188496 0.816900507756636 0.813732739133483 0.810293052409497 0.806595955148656 0.802655914041147
-9999 -9999 -9999 -9999 -9999 -9999 -9999 -9999 0.887339299934827 0.89323248639067 0.89885986974449 0.90445309208355 0.910097835205326 0.915390655023284 0.92026144177704 0.924628331002327 0.928399066312283 0.931475162842197 0.933759775679411 -9999 -9999 -9999 -9999 -9999 -9999 -9999 -9999 -9999 -9999 -9999 -9999 -9999 -9999 -9999 -9999 -9999 -9999 -9999 -9999 -9999 -9999 0.90445309208355 0.898515132262043 0.892332458233582 0.885944859382819 -9999 -9999 -9999 -9999 -9999 0.844782504803187 0.837609029938246 0.832366157824165 0.829995045655865 0.827299594646415 0.824294730864339 0.820996035637186 0.817419434251439 0.813580921645529 0.809496329066718
0.845024957764086 0.849255048497372 0.853187258013989 0.858913251758238 0.865848789689086 0.87267843767251 0.879384206709751 0.885944244781294 0.892331911270172 0.898514652619927 0.904452679490427 0.910097488648644 0.915668653215363 0.921335454139971 0.92659972167368 0.931368765696481 0.935532588435682 0.938967194451924 0.941543905954819 -9999 -9999 -9999 -9999 -9999 -9999 -9999 -9999 -9999 -9999 -9999 -9999 -9999 -9999 -9999 -9999 -9999 -9999 -9999 -9999 -9999 -9999 -9999 0.90341546331554 0.896938347973955 0.890282221707384 0.883477757465381 -9999 -9999 -9999 -9999 0.847940885774195 0.842202653596856 0.840070574087963 0.83758692461932 0.834767558066583 0.83162933825918 0.828189736523922 0.824466468813844 0.820477183753324 0.816239205528641
0.851637930644093 0.856062270123307 0.860185831758896 0.863981257545559 0.869516275340311 0.876548708833565 0.88347705160423 0.890281582969529 0.896937776566542 0.903414959398905 0.909674612912744 0.915668283904434 0.921335151031274 0.926877494193727 0.932573116555733 0.937798515146361 0.942425516280479 -9999 -9999 -9999 -9999 -9999 -9999 -9999 -9999 -9999 0.953395746867652 -9999 -9999 -9999 -9999 -9999 -9999 -9999 -9999 -9999 -9999 -9999 -9999 -9999 -9999 -9999 0.907872980962985 0.901103441664967 0.894184938642116 0.887144864956989 -9999 -9999 -9999 -9999 0.851839688473238 0.84998088793995 0.847739834278329 0.845133121129426 0.842178866151934 0.838896187442387 0.835304722086925 0.831424204794236 0.827274116272972 -9999
0.858102980619886 0.862735582361625 0.867066021420429 0.871063848927201 0.874697224635285 0.880003821205591 0.887144136211613 0.894184276401484 0.901102846251649 0.907872452728242 0.914457722735941 0.92081265423383 0.926877168112167 0.93257285671514 0.938075941998134 0.943810822027909 -9999 -9999 -9999 -9999 -9999 -9999 -9999 -9999 -9999 0.959778646886857 0.960130610958183 0.964199478648165 -9999 -9999 -9999 -9999 -9999 -9999 -9999 -9999 -9999 -9999 0.938075941998134 0.931918346586424 -9999 -9999 0.911820506101811 0.904769884128387 0.897603300238791 0.890343488140033 0.883007802035162 -9999 -9999 0.861235688666046 0.859690964072137 0.857729532164979 0.855368345602 0.852626617453427 0.849525147299692 0.846085680682839 0.842330335564515 0.838281115939269 -9999 -9999
0.86439894853579 0.869254479310132 0.873808462028657 0.878027116249322 0.881874509374176 0.885313271307448 0.890342738244374 0.897602615947516 0.904769265852713 0.911819954352447 0.91872449665797 0.925442279457781 0.931917996447414 0.93807565916161 0.943810605688259 -9999 -9999 -9999 -9999 -9999 -9999 -9999 -9999 0.967822917589753 0.967822917589753 0.967822917589753 0.967822917589753 0.97121272436247 0.97462341118675 -9999 -9999 -9999 -9999 -9999 -9999 -9999 -9999 -9999 0.942971815146865 0.936338844121356 0.929456184181613 0.922390236260746 0.915186798189423 0.907878117424345 0.900487379713239 0.893031592362605 0.885523464589854 0.877972657199004 0.870386629184518 0.869156204038637 0.867519081350201 0.865443474207968 0.862949303456684 0.860058947494151 0.856796393611164 0.853186453095232 -9999 -9999 -9999 -9999
0.870501170735648 0.875594684213667 0.88038985652319 0.884849410512112 0.88893291158643 0.892597458103435 0.895798839193615 0.900486675648726 0.907877478351419 0.915186224609881 0.922389728460551 0.929455742773556 0.936338469669565 0.942971508028935 0.949256846923569 -9999 -9999 -9999 -9999 -9999 -9999 -9999 -9999 0.97586718830701 0.97586718830701 0.97586718830701 0.97586718830701 0.977524285527863 0.982099711968041 0.983911458713855 0.983911458713855 0.983911458713855 -9999 0.977524285527863 -9999 -9999 -9999 -9999 0.947091972647192 0.94000171180018 0.932743111366933 0.925365270709801 0.917900329897171 0.9103700490763 0.902789611438865 0.895169897234551 0.887518888211363 0.880002231812278 0.878319446900199 0.877060647774756 0.875319678361617 0.873116384812922 0.870474357956098 0.867419824207874 0.863980571145754 -9999 -9999 -9999 -9999 -9999
0.876380952169221 0.881727456346737 0.886782116379003 0.891504134909504 0.89584825822512 0.899765340993461 0.903203525795377 0.906110187138769 0.910369392170449 0.917899737217494 0.925364742589812 0.932742648299887 0.94000131439093 0.947091641502352 -9999 -9999 -9999 -9999 -9999 -9999 -9999 -9999 0.983911458713855 0.983911458713855 0.983911458713855 0.983911458713855 0.983911458713855 0.983911458713855 0.988762121164587 0.991955729358163 0.991955729358163 0.991955729358163 0.988762121164587 0.982363990695966 0.977524198856828 -9999 -9999 0.957593112209969 0.950243337705105 0.942761315631114 0.935192833963905 0.927564989212019 0.919894737724795 0.912193191949766 0.90476802949769 0.897601247550069 0.890341238575132 0.887107118519084 0.886291774469139 0.884945707078474 0.883087246254698 0.880740343906699 0.877933169705406 0.874696654231297 -9999 -9999 -9999 -9999 -9999 -9999
0.882005035064098 0.887618831036582 0.892951354565933 0.897958499657197 0.902590077155431 0.906790084787543 0.910497745890624 0.913649616920183 0.916182974380612 0.919894130362109 0.927564445134872 0.935192353573499 0.94276089916422 -9999 -9999 -9999 -9999 -9999 -9999 -9999 0.991955729358163 0.991955729358163 0.991955729358163 0.991955729358163 0.991955729358163 0.991955729358163 0.991955729358163 0.991955729358163 0.992152699704079 1 1 1 0.992152699704079 0.988762077959289 0.982363880240645 0.975121581065188 0.967596296874579 0.959947216973046 0.952233776732556 0.944482795821251 0.936708064959199 0.929454860131573 0.922388713020874 0.915185077462432 0.907876200409367 0.900485267769779 0.89542448215557 0.895130436377736 0.894253204831651 0.892807104309547 0.890814735568088 0.888305327231475 0.885312813417298 0.881873904312714 -9999 -9999 -9999 -9999 -9999 -9999
0.887335120459937 0.893228841626858 0.89885675325496 0.904172011408644 0.909119741545097 0.913636753839129 0.917652139432353 0.921089285050036 0.92386983091485 0.925919804809782 0.928916822469506 0.936707573160593 0.944482366440629 -9999 -9999 -9999 -9999 -9999 -9999 0.992152637831218 1 1 1 1 1 1 1 1 1 1 0.992152637831218 1 1 0.992152637831218 0.984305275660142 0.976457913732966 0.968610551674669 0.960763189557503 0.953935302276506 0.947090979661147 0.940000519970317 0.932741722697214 0.925363686831311 0.917898552298482 0.910368078895311 0.903411937650119 0.90346875274299 0.903150278171493 0.902201076664789 0.90063922291008 0.898492992808985 0.895798489218136 0.892596969158691 -9999 -9999 -9999 -9999 -9999 -9999 -9999
0.892327538325091 0.89851081844661 0.904449380768703 0.910094718715815 0.915388119649395 0.920259465261791 0.924626878872087 0.928398088035609 0.931474587804468 0.93375951127224 0.935169108539436 0.937220607291789 -9999 -9999 -9999 -9999 -9999 -9999 -9999 1 1 0.992152575958845 0.991955729358163 0.991955729358163 0.991955729358163 0.991955729358163 0.991955729358163 0.991955729358163 0.991955729358163 0.991955729358163 0.988762034233615 0.992152575958845 1 0.992152575958845 0.984305151915396 0.977523939105999 0.971485293448824 0.964727209345626 0.957592251990251 0.950242281946615 0.942760066341719 0.935191392893631 0.92756335731587 0.920810295563949 0.914454959327192 0.911165702331351 0.911513023388071 0.911165702331351 0.910131792721562 0.908434549474647 0.906109938602892 0.903203149168626 0.899764817200679 -9999 -9999 -9999 -9999 -9999 -9999 -9999
0.896933208542967 0.903410931006985 0.909671123814765 0.915665331070611 0.921332727393531 0.926597574646064 0.931367171122757 0.935531502002089 0.938966548922467 0.941543606438902 0.943145882937506 0.943690105784374 0.945067597521883 0.95291508369606 -9999 -9999 -9999 -9999 -9999 1 0.992152514086959 0.988761991028651 0.983911458713855 0.983911458713855 0.983911458713855 0.983911458713855 0.983911458713855 0.983911458713855 0.983911458713855 0.983911458713855 0.984305027798905 0.992152514086959 1 0.992152514086959 0.988761947823854 0.982363549542211 0.975121053187809 0.967595576387252 0.95994630619498 0.95223267698115 0.944481507900082 0.938073962641921 0.931915896166698 0.925439774567603 0.918721588397709 0.919175394487418 0.919557293974031 0.919175394487418 0.918040372478951 0.91618281776527 0.913649346684193 0.910497338569827 -9999 -9999 -9999 -9999 -9999 -9999 -9999 -9999
0.901098086208992 0.907868229689583 0.914454038757839 0.92080950987336 0.926874560951993 0.932570779501277 0.937796755840506 0.942424299881176 0.946298484592712 0.94924649634005 0.951100538340615 0.951734376426134 0.951734376426134 0.953934510616084 0.960762259839251 0.968609807907522 -9999 -9999 0.992152452215562 1 0.992152452215562 0.984304903683395 0.977523939105999 0.97586718830701 0.97586718830701 0.97586718830701 0.97586718830701 -9999 0.97586718830701 0.976457355892077 0.984304903683395 0.992152452215562 1 1 0.992152452215562 0.984304903683395 0.976457355892077 0.968609807907522 0.960762259839251 0.955047359443272 0.949255409245093 0.942969666074103 0.936336223740164 0.929453095544106 0.925919726001422 0.927177463411811 0.927601564573489 0.927177463411811 0.925919726001422 0.923869658409266 0.921088989336406 0.917651696652616 -9999 -9999 -9999 -9999 -9999 -9999 -9999 -9999
0.904764322924494 0.911815542604573 0.918720619576522 0.925438940093653 0.931915196517124 0.93807339755503 0.943808874792831 0.94897886871284 0.953394807724343 0.956824695821203 0.959020192219774 0.959778647032299 0.959778647032299 0.959020192219774 0.964726547627406 0.971484833092057 0.977523679618439 0.984304779941581 0.992152389599222 1 0.992152389599222 0.984304779941581 0.976457170030877 0.968609560051175 0.967822917589753 0.967822917589753 0.967822917589753 -9999 -9999 0.975120877074417 0.982363439089652 0.988761904619223 0.992152389599222 1 0.992152389599222 0.984304779941581 0.977523679618439 0.971484833092057 0.966285454777948 0.960404853184098 0.9539342467323 0.947089656335255 0.939998931648126 0.932739872051923 0.933759423225062 0.935169086071593 0.93564583520324 0.935169086071593 0.933759423225062 0.931474396325487 0.928397762218684 -9999 -9999 -9999 -9999 -9999 -9999 -9999 -9999 -9999
0.907872369038967 0.915181638113277 0.922385668590452 0.929452213681526 0.936335475604692 0.942969052478481 0.949254930373823 0.955047013419806 0.960129513322573 0.964198935507323 0.966879726402682 0.967822917771555 0.967822917771555 0.966879726402682 0.967594856096465 0.975120525556757 0.982363218518294 0.988761818210458 0.99215232847423 1 0.99215232847423 0.984304656573455 0.976456984419619 0.968609312383141 0.96076164053627 0.95977864717774 0.95977864717774 -9999 -9999 -9999 0.977523766287472 0.984304656573455 0.99215232847423 1 0.99215232847423 0.988761818210458 0.982363218518294 0.977523593210007 0.9714846798466 0.964726327389107 0.957591105563545 0.950240875048039 0.942758401755025 0.938966334035037 0.941543506767391 0.943145857420263 0.943690105888261 0.943145857420263 0.941543506767391 0.938966334035037 -9999 -9999 -9999 -9999 -9999 -9999 -9999 -9999 -9999 -9999
0.910364141143212 0.917894999496508 0.925360521212903 0.932738947009289 0.939998137746533 0.947088994850561 0.953933719096254 0.960404460193993 0.966285195033117 0.971212048496358 0.974623219393847 0.975867188064608 0.975867188064608 0.974623219393847 0.971484526191674 0.977523506541642 0.984304531715463 0.99215226511346 1 1 0.99215226511346 0.984304531715463 0.976456798312879 0.968609064530706 0.960761330590278 0.952913596812314 -9999 -9999 -9999 -9999 0.976456798312879 0.984304531715463 0.99215226511346 1 1 0.99215226511346 0.988761775006325 0.98236310839949 0.975120349682226 0.967594616183615 0.959945092537986 0.952231211460915 0.94447979170173 0.946298240257624 0.949246381541365 0.95110050855276 0.951734376426134 0.95110050855276 0.949246381541365 0.946298240257624 -9999 -9999 -9999 -9999 -9999 -9999 -9999 -9999 -9999 -9999
-9999 -9999 -9999 0.935188512744655 0.942757569684218 0.95024017179001 0.957590532706657 0.964725886419117 0.971484372947867 0.977523420394139 0.982099440724832 0.983911459077458 0.983911459077458 0.982099440724832 0.977523420394139 0.982362998613054 0.988761732322887 0.992152203989437 1 0.992152203989437 0.988761775006325 0.98236310839949 0.975120349682226 0.967594616183615 0.959945092537986 0.952231211460915 -9999 -9999 -9999 -9999 0.975120349682226 0.98236310839949 0.988761775006325 0.992152203989437 1 1 0.992152203989437 0.984304408349287 0.976456612704551 0.968608816680229 0.960761020944899 0.95291322522295 0.948978411584339 0.95339452618587 0.956824560737436 0.959020156675198 0.959778647032299 0.959020156675198 0.956824560737436 0.95339452618587 0.948978411584339 -9999 -9999 -9999 -9999 -9999 -9999 -9999 -9999 -9999
-9999 -9999 -9999 -9999 0.944478933938536 0.952230479023808 0.959944485869322 0.967594136363243 0.975119998172016 0.982362887832268 0.988761688598557 0.991955729358163 0.991955729358163 0.988761688598557 0.982362887832268 0.984304284611379 0.992152142120485 1 1 0.992152142120485 0.984304284611379 0.977523506541642 0.971484526191674 0.964726106820503 0.957590818927227 -9999 -9999 -9999 -9999 -9999 -9999 0.977523506541642 0.982362998613054 0.988761732322887 0.992152142120485 1 0.992152142120485 0.984304284611379 0.976456426849218 0.96860856901806 0.960760711451044 0.952912853636517 0.955046494454668 0.960129184228518 0.964198772435959 0.966879682246664 0.967822917589753 0.966879682246664 0.964198772435959 0.960129184228518 0.955046494454668 -9999 -9999 -9999 -9999 -9999 -9999 -9999 -9999 -9999
