Data/Bandafassi_data/bandafassi_hand.asc
NCOLS 241 
NROWS 241 
XLLCORNER -120.5 
YLLCORNER -120.5 
CELLSIZE 1 
NODATA_value -9999 
[rows 100 to 119 of 241, columns 92 to 137 of 241]
48.7624368461387 46.5892558830173 43.3564663524472 36.07428598459 31.0966600037078 26.6447182723092 22.4219040510562 23.3536245962792 24.1149537961865 21.2912108960813 16.8484592287727 14.5353251056643 17.1230785299726 18.1427782873083 16.6056243467387 15.5365772056999 15.3485646552804 6.22347537026525 3.34529351957997 12.4333318534611 23.5004932590239 26.3158737071932 28.8257533395622 39.2570389233686 41.7779122132616 43.8158535908914 46.4233579043046 48.2365722237402 51.9756183505864 56.7548114329861 60.2890677395608 62.0435391213437 60.2910367379565 55.605793556002 53.4908877258947 53.9708011458438 60.0542658013096 64.7895808260397 68.2499144028221 68.7123332431469 59.5800222387341 59.0107986801815 57.883582779228 54.3588409628435 47.2751108947581 43.1242837458438
50.9065760779952 46.3760974716181 42.5112689084434 35.5276964722291 29.6516621639258 24.2264601914435 19.7667104244602 19.1711601356541 18.6825578154629 16.0373538721385 13.61833957762 12.0025872557968 11.3091563986266 10.503999747807 9.37342189499697 8.98707949048369 5.91640242907406 2.88302209560496 6.97042675266374 8.53796576968757 13.4841224571673 15.4095486998632 21.4564199687073 36.3076551951344 42.1366391336081 44.3819056900931 46.5100603058756 49.7896241710963 52.5979655358858 56.2425889874523 54.9412184796821 57.3520883962334 60.0263701785828 61.1398305436398 57.5542948628655 59.3692330767878 60.8144856754167 62.8139865089833 63.5936994184758 61.867191916879 54.7223216075715 57.1778587938629 57.8458521364138 56.1340980539383 50.2201062487998 43.7483447465872
46.2435250607247 46.5073711018014 40.0307184807117 33.4581485016349 26.2764583074148 20.8326303871884 17.9161234741803 16.7503604058824 16.1051358153336 15.4442640873877 15.8729692679396 16.7877943695005 13.1342269952168 9.87041371778615 7.08062354531739 4.32781616360524 1.67608203370146 11.6851961082421 16.5756085276686 11.089793630229 7.82858997321702 13.6842550318166 24.3164111991925 32.2075891728595 37.0221776096918 41.7302586587894 42.8169435666893 45.7345032790839 49.4027415933102 51.5406363110096 47.9628046601125 51.2573137984553 53.7791463202264 56.248577987105 52.6411752026084 53.1155850114915 53.7472071665194 56.8804535337595 57.8256803906015 54.7689064186203 51.8702931065868 51.761528332665 53.59675255208 56.7807539230694 53.2186938408753 45.3272612212843
49.6494560958195 45.815785353223 39.7908438618482 32.3080719355649 25.4735626370549 23.0751366597389 23.7684747747224 20.8686426658334 20.0186551467596 22.0474175138792 23.0677038593748 22.368902690999 17.1625903500168 12.1379116806191 5.25959501744322 1.33474922384988 2.64626270807228 17.6411185643294 21.2917179826532 15.8726800976614 15.7601495586578 28.0056043302737 37.1736063018896 38.1863454775614 40.2236757423977 42.3881479065951 42.719169602589 43.6062266497139 45.894073241362 46.8849766978296 43.9471029856555 46.0401683572463 48.1594221714824 49.9482376563776 49.5201075016368 49.3736878197512 51.4946386012483 54.7700641912817 56.6515750488488 50.3686147284796 47.9727714816569 47.3340757239821 47.2121179541846 53.7758295251727 51.8086649330951 43.8194290053421
49.1989776297784 43.7226411643342 37.2131616459724 31.0708448844688 27.4013085943235 29.0465734279008 30.7438268131584 28.5664996653156 25.737739801092 27.646893716325 28.147037525846 25.4643077003479 20.1181143964027 13.0579222267989 3.56890470233029 3.82798971563729 11.1479101183948 14.388558071438 18.6653784657558 21.0514104957516 24.5253797459903 33.5445486651893 39.8643259111413 40.3422553399883 40.7376484344522 42.3901650957295 42.3218694607383 42.4673793787469 43.9268108960395 41.5639092745457 38.6242049643054 40.5417005484228 44.3626034067137 46.4479433228395 46.887119689108 47.6123701210972 50.1146789863265 51.0058402340785 52.965016973256 46.576645821651 42.494658271725 41.6304225106619 40.0915530622212 45.9792959612796 48.6985024748993 44.4123830011881
45.8913228531731 41.2077860501166 35.9833566010603 32.4962147021094 33.3791302339525 36.0681951218443 38.2313779092244 36.3417944152761 33.0419822625001 31.9701415658184 31.9232652359646 26.0283074975616 17.2489054034506 10.514467444469 2.85967917615802 5.66276945298344 15.1506407458897 18.3380497941089 22.1514873350357 26.0630679879049 29.1408490027894 29.75061247597 33.2799133879349 33.9901605122362 33.1631300270858 35.5314701570447 37.6389827366082 39.0197805997111 39.7674888512469 36.3607383643279 35.7251415883298 38.6894990720667 41.986603257255 44.8268146941266 46.0505183042829 45.7385740786511 48.2557065373095 48.9774107801256 46.2925250908185 41.3544314804741 36.3512154816719 34.5550915755386 34.8557170560936 39.6927992525126 42.7665350147829 40.0875930733428
35.9115622370038 41.4721265503117 37.8175689385915 35.2390738383013 38.9497864649188 42.9173808590224 44.7624357906062 43.107515911939 40.5507991138764 37.0078762010895 34.1807796448187 26.0682402287617 16.1505501674708 9.55633955630552 3.36670541838266 6.49668627036455 11.3261612663641 13.8010036374535 18.1431172650205 21.8839686388689 23.6312408149308 24.2642979294862 26.699532574743 26.5677875336534 27.052074535589 29.4675920751763 32.3198923408009 33.427069930675 33.3064641634891 31.39132598398 35.4534800343855 41.9570614579125 42.8173470906789 44.7433551493881 46.4676958692962 45.8199488759778 48.5713750537322 47.3191398730692 40.6668262677989 36.0089141584211 32.6906644469534 30.1973055081986 31.1433667706074 35.9745475655959 37.1595386909403 35.3604228553633
15.1374482796178 35.6199446264785 43.7512261407241 42.0397043993963 44.7606750955226 47.1411354993758 47.4002220992529 44.1829117167693 41.3195206927523 37.8251248919851 32.9790537228498 24.4641929179942 19.3644667524619 9.00289839052378 2.90447748917113 4.78601438483967 8.63041119078229 10.9776508325463 11.990843512195 14.8885584524875 17.1527018540104 18.2266365905011 19.2440017964384 19.0516271584289 19.6050796792019 20.8759367987174 24.6684159610503 27.636355388799 26.5032874511432 28.9691156536719 36.9733812864538 42.0988676261573 43.4079074712374 43.5090692315417 45.2810763375805 46.3194173395907 46.6422666009216 44.6248354960171 41.0362839940044 37.8424191573312 30.1640345627849 22.9478710732723 25.8128266111001 29.4165185036314 32.1114378388243 33.2442980223422
11.8211893958147 18.3812737812695 40.3463261296693 42.8708256686725 45.2444452995675 41.6441219126119 40.2961702072051 37.2455667011689 34.1726240182613 34.3366123306938 30.7400451203396 23.5512655895436 19.4775181250031 11.7140614640091 4.23923879656319 5.89707042195092 11.8544443150956 16.2350581664668 19.9439428267088 20.6226090530126 21.1247524068846 21.3070228549023 21.3363079203509 22.3891542124591 23.5632114039648 24.3808278011039 23.8898388702432 24.2686941681678 27.6435439485209 31.4088062149336 36.5600190324612 42.0228286432504 44.7284661605807 42.4739631382744 39.4203846075413 38.6935260066148 39.0235049480287 40.3953713661051 40.0284325570159 35.666748698969 29.9792266996049 23.173030108237 19.5555329884077 23.4428853645789 27.7303090912681 32.2689835554291
9.16031363557331 13.5260057897814 33.3515387461622 36.3730694737768 37.9116007830197 36.3672592354132 35.230722128606 32.5549932118866 29.7099993466631 28.5791570523528 27.2370807699286 20.9457742354614 17.5811078748683 10.4382571636027 4.70477285278322 7.07355957283918 12.5303466870248 18.3044174993249 25.1691894596244 27.7417057158326 28.199513967827 29.605686810187 30.2486574495368 30.1462279235776 29.7888108967319 29.5970906114333 30.518038924164 32.2037626051067 33.6235833390122 35.7263120672939 40.2605773280512 44.5617428114316 42.8044707447776 36.5185627923904 34.9444413047666 34.5316425960617 37.2261029600512 39.4886630151034 38.0885787995435 34.258182377312 29.2268379705185 24.1460232332977 17.1863065174294 18.1725477322117 23.8446915819156 28.7921730398624
7.29685938394311 13.2262819161345 27.9837321053263 29.4262269250771 30.5399971127711 30.5914291467135 30.405031915315 27.8017581600759 26.4733894982527 24.4996843478082 19.945106652239 14.0603727214524 12.5232128456807 6.56693014137295 5.0410073330603 9.62586351275055 13.0247845296475 19.8144131364197 25.5280905643569 30.0283958178754 33.0714267216152 36.7676242412012 37.3291094714454 36.5963852377095 36.6566511205064 34.9920335872862 35.6467099487563 38.1624542809047 39.2656415114328 42.213971514738 45.5150445617663 45.9369546330295 40.7920597106421 34.9117199829877 32.5937665307605 31.9825088727125 33.2952767619764 34.9496362440872 34.0748542125898 31.9056245111741 27.9087437565301 23.8693381342561 17.5296829126963 12.6092713958817 19.9026886607007 25.2547034257446
9.97598423599138 15.7395654459585 25.5350708608607 25.8086653194062 27.1087994699432 26.4623835753173 23.142772292116 23.1391441541049 23.860718508748 20.9588090641078 13.4345439993764 8.53162824194653 5.48235020846861 3.2525096268046 9.18911890048791 14.5636806500685 14.2077672030579 17.9095983996184 21.9903026381578 27.4915821272776 32.6230720126168 38.4349828840242 41.1350722109084 41.5612040067112 42.8738162185601 39.3607541264577 37.7296517446453 41.0848987120856 43.9299088393234 47.4031143571041 49.1824136495388 47.372981785176 40.224069084981 34.6186732268287 30.6962810961342 28.2896856712729 28.4399857823415 28.0254436295565 28.8959971163631 30.9900769532596 26.7610290439344 22.4574783356834 14.7208259682647 9.36318603425122 17.6155402403766 22.7842124556054
9.20527479085054 16.0436529162578 22.5642624941032 22.5326016251507 21.4625180605378 20.1009592378639 18.97027981183 17.8041233523015 18.7957076083745 16.8760828714715 10.9572489370404 4.49730681565955 1.3115003841065 5.21113164331973 12.7282002276881 19.7971241787429 21.8072175638045 19.4580015806466 18.9440232958693 21.3150352147938 26.8170789963418 32.0687448765394 37.713678389118 42.4714974070776 46.4736148633187 43.943457348931 43.0417629761227 42.0356950715263 43.3875821573611 46.2037216451031 45.8601672028218 40.2350529689062 37.4030271773078 34.6558770534576 29.6897251292269 25.7098263241877 24.7903171304487 23.5617303444681 24.3524619397998 26.9278016554579 24.6707593981361 21.3444929198367 13.9871047102832 7.65957294940277 11.7619742403322 19.2743220709308
6.90749844048776 15.9720388625096 21.2114966560636 22.3921058586042 19.6198176951778 16.94528573071 15.7478843000513 14.898618413758 12.7275688231564 10.8399865877915 8.7981173301608 3.60998443244144 0.952419387703384 6.70086448356777 13.7205180471205 19.6807770172458 24.316276656615 26.2399090360829 24.6015080614575 22.4327498346505 21.6654385721882 24.8732685252481 31.3152043127134 38.9843430775407 44.5545662581815 47.0016396754565 46.0963040041557 43.3438362492477 41.7103733792205 43.128471573301 44.3960123919132 37.7469370974555 36.2943349573555 33.928391241039 29.9432180702175 27.1038710348555 23.6406277773362 20.552972250028 18.0559113951318 19.5943651383169 19.7814890538154 18.5791343672364 13.2598335762709 6.67504398407305 7.58345140829993 15.6391218313909
6.69383259752635 16.4492318581564 20.3565573123359 20.6444672600817 19.024989812238 16.8689515456933 14.950720330367 14.9770047478041 14.2070685145767 12.8714717563848 10.107376330149 4.21806042186408 3.27515106233429 8.32198363504416 12.9561364035443 15.9306555050659 19.8189274858273 26.2299098852589 30.3294824488809 29.482015381093 27.5821185910879 23.826343530438 27.261697496429 35.5104989494217 41.3029538475948 44.7607640735045 44.346815443895 42.973341861303 40.4775843675406 39.8931528964094 39.3568445385311 35.2538369799361 35.1887566649699 34.420493188825 33.3296086014971 32.4743491798829 28.6344884495298 23.5880447489225 17.950009853511 13.5822171093302 10.6067393020861 9.83498089321353 7.30120263033071 4.39701284384097 11.0853476379784 18.2879717882318
4.58958889030975 8.8236888181238 19.0854462420432 18.8408864044755 18.7881558366465 19.4028850207819 17.8817624240419 17.8199968424139 17.4755079669182 13.5287283401109 10.3857817291709 4.36065522745379 2.45299108293514 9.1753081026994 12.1665333414271 15.3747817758414 16.4897456310232 22.1271712921495 30.4917349560081 34.2277059038494 34.1226902034493 29.0934995012926 25.4841503964958 29.6056383927052 36.0472431780985 41.2903567492112 41.5918791977776 41.411248597486 36.605599628578 32.3153941386387 31.9693772812732 32.7588825177572 32.6318388857783 33.7241372388632 35.3355553586089 35.8082030377801 32.103660316191 27.1891853681869 20.8191352581734 17.5161252943903 16.1368513582607 9.20863818894612 3.77839741223889 4.67449648308759 14.0888194696981 20.7337773166985
1.45447244423106 5.40877839756745 12.459887090743 10.978158367645 14.5380749531687 15.8576242081059 17.0632713729636 16.6507703831579 16.1221992001689 12.7235128535522 9.11939720026118 1.70383863088344 2.9411199102718 9.38281013215268 14.9102376602156 16.8240209528495 16.7063658789641 19.2484682150082 28.2340688519067 35.8684059046918 36.5058492971516 38.2464899734575 34.6438715473531 28.4611667885519 30.0319361362198 37.4215143225013 39.5783373216082 40.4112575620917 40.430079848176 37.1078729676655 31.6401280341544 29.6295697964436 29.9910473781978 31.2684959442529 32.4859169736345 33.2884872324827 30.722926183003 27.0255580356705 23.0159917888338 22.5531766220836 15.0582865332026 5.29200564179472 2.07279784416482 2.60684967398013 8.09350304175613 16.5879811274588
0.819237927123923 3.42088839674881 8.56272880022917 10.2786109948213 13.1668200333499 13.22136558006 12.8428941505985 13.4126696655898 12.9497017023551 9.6035513470559 4.14307974059527 1.67239329843931 6.00406602603491 11.7303988316543 19.3128509927937 21.6874731000399 19.4689138197811 17.8405972743281 22.0911914622576 30.1673172594776 36.499164448115 43.928344570464 42.6837492136465 37.3581137120719 34.2009505355538 38.6431800376018 40.3151320278759 42.1958136732096 43.4469736562575 43.3222982737614 36.0414638683304 32.8216426985412 30.2914775846384 28.0069879013938 26.5678556969359 26.3676960591925 22.9378489666983 21.4244432379192 18.9983450132221 17.1122623109208 8.25268838825893 2.54908469788445 2.16844418745547 3.00667158614462 1.28687240727969 7.86056728813662
2.92987356510547 2.40483377662384 6.07389398400485 9.29567327495777 11.4971359973116 11.5704207977349 12.7414212580153 12.4004067310955 9.9715738168349 5.20957523076713 1.300643035317 4.95322011408179 11.2497406730731 16.4236456717027 20.9139289491318 24.5448217347608 22.8698721072014 18.3491175269444 20.0822520029707 26.176789152659 32.187293472976 39.112149536468 40.6692822910193 40.9757330891346 40.5666710109539 41.8236293440832 41.3321969809299 42.5455125307729 45.0565707295706 47.6532867143037 41.7980724114583 39.2040922755814 33.8465789271704 27.5242806432721 23.1059534575963 18.7377530609344 13.2983078663834 10.9085533583655 9.49160935137981 6.44271382518581 4.12325867234013 3.80065044572272 2.98081699324431 7.39783026485999 3.3414592318913 1.71634407400463
6.19438689961075 1.29718316382068 1.84479740765304 5.33174538540906 7.98441457828023 8.9072756230932 8.91469604807392 8.07854975953403 4.80789101672179 1.36270024688557 1.07709256926911 4.7079541550488 10.6044234867446 14.1518924527199 18.7845833083981 23.9275378898879 26.9682894747166 23.4202419051859 21.0882529803743 23.0225244994992 27.6063707039569 32.5955523760405 35.5353919703019 41.095680265251 43.5100569314927 44.112002026901 42.412298133215 42.606536285473 43.9300507454198 47.6617233423417 44.3907751076251 40.8114223277438 36.1630760687973 29.6894000942209 21.9416610715872 12.5106783818046 8.96220598858315 10.2177574958863 15.3805009264981 9.16661756091917 9.91022725426106 10.1632220492135 11.2983443811503 13.329088351175 9.38785057454051 4.94890916082805
