Data/Bandafassi_data/bandafassi_hand.asc
NCOLS 241 
NROWS 241 
XLLCORNER -120.5 
YLLCORNER -120.5 
CELLSIZE 1 
NODATA_value -9999 
[rows 120 to 139 of 241, columns 46 to 91 of 241]
34.973588566551 35.0391480586591 47.8244539844917 47.8567845434862 29.8263004396575 25.1908711045424 18.7766595801407 14.285699790401 12.8921340365261 10.7805085836127 10.7065592319886 13.0901138935694 17.4684166656192 22.1543509881705 23.2467877983907 23.6890583455371 28.2292713319287 30.6425070420734 26.0802837268921 23.4567037464508 22.3021272066457 21.1035260626183 18.2230609318777 16.7570251991579 16.5980496313722 14.3110643343825 8.61367638516543 5.48738243578931 3.10512684161766 0.620549459743587 1.02146653504637 1.5762040066068 3.16833187848781 5.68020546225951 5.90359589118924 6.79701453207785 9.81484019173794 13.8555857931086 14.270416720356 14.5966159269049 17.8404625352008 19.3086338730421 19.329131429289 18.2160697541289 16.6279042730017 13.7706455714033
22.2994798877871 27.9389941818013 42.3590699739522 50.8966756716526 34.0834634187022 27.7987980522444 19.8587635812372 13.6438684286035 11.5758290094201 9.65014601633003 9.02498225169648 10.3596805171601 13.4927123889391 16.5835172980788 18.9715483859979 19.881144849371 20.9334915596627 26.2862525089045 26.5071961972969 24.6865105378608 24.1733013757723 19.9592436532902 16.3040701642124 14.243645921905 13.5431076461921 11.0469634823999 8.22343465173206 5.38157855007938 4.50439086798009 3.51208595201576 1.56487783292383 0.449130025966275 1.71591222742321 4.21600358163426 4.85808850586939 5.14970462881227 6.65767469080436 10.5250858334184 11.5214551726357 13.1492214793382 16.8107478364681 18.381782242479 17.3678300656768 16.863077469422 16.2181825939155 13.719325215076
21.5871696627504 29.3039973046719 41.6322943208558 52.2156302520373 36.0944811558803 26.5535426060159 20.3558627913359 13.083033685006 10.1823245994267 9.79018117458506 8.55765790241527 8.36847267312477 9.69237421254599 12.9656120249402 16.0405495648569 15.9559211658424 16.8989441713007 19.0161172442149 24.7030121233864 27.7516924316032 26.3700463109359 22.2678905534362 18.7364404214291 17.6823927158139 15.7412451491446 13.648124688683 10.4241916969853 8.17767748655002 7.35791382230196 6.0620782444005 4.2199121194219 2.06586150396707 1.554454855137 2.52164911761512 2.99996779221168 2.64661082677592 3.77576091108226 7.07110599647971 10.246931092874 9.65762164320175 12.2910723070133 14.5743585289546 15.2221429547705 15.502237911443 15.9970500315757 16.1830192264785
22.8491647006693 29.0382547571081 36.8217837748164 54.3661628411721 56.901642053569 33.6479481445687 21.5044825448909 13.2188810978661 9.02645811157053 8.35604534777764 7.31877158856153 6.2514359247159 7.1884076735612 9.04181331732171 12.0939000900299 12.6321351665031 14.9364302367674 17.121973212544 19.5556091218734 27.9033663474502 28.4388609606232 24.0489730817721 19.7653838798747 19.2925661111596 17.2574661912826 15.4189348461687 13.4925391082376 11.584869262661 10.1830552882245 6.6823873957113 5.69101074024791 3.73212850312928 1.40524320595991 1.39952058326984 1.48633420517074 1.47310163968662 3.24160918122268 4.26938468057099 5.9141816898546 6.651996386257 6.90376841555636 8.97217473156078 11.0131171851327 13.4108212437558 14.3603474089369 16.9813844943916
31.3075893979875 28.4450651197062 35.9618846795869 47.8896512591124 55.7938635000807 37.1503403804901 19.2945344842031 13.0790220579843 8.52782123417091 4.9648280095032 5.55998176497024 5.18972939537194 4.54913924026528 6.09854795708209 9.83322805462931 11.5560966836361 14.1606780119449 15.6304755047204 16.4176979295233 27.7117335623756 27.6300992624243 25.1624977140994 22.0295500969327 20.5913083842246 17.5472226650499 14.2859348433574 14.0437519166915 12.0569257636629 10.3910265699598 7.56956717605697 7.01864658516927 6.31754240702121 3.28780751420271 1.7672910571295 2.04601883390422 1.47923596816432 1.6069697926205 2.14397499628138 3.66870525299731 1.48033119342387 2.48244553647452 5.11029024759029 8.31878209845627 11.2967083722486 16.4089278035789 19.2517174529739
58.3678658457068 47.9837699654118 59.4785778459798 59.2869628276215 52.176004279122 27.5078757386568 16.5760248829126 13.4995770125435 8.15554823048876 4.53453199204081 3.64572682693563 3.72340873982063 5.64568690773017 8.90183546509953 12.6835685829543 14.6463756931946 14.6475144871561 14.8276523908595 18.8241266250735 28.5669300799785 28.486440448596 25.9747772548643 23.7632061603701 21.5806352018834 18.0832941285517 14.4195632986416 13.4139856614695 11.5942682684381 9.74554845428644 10.3592784022087 8.94478274905452 8.62777275129559 7.74833962091519 6.1169580590834 5.66618370741039 3.98755670290732 2.02603270705195 1.38521371460889 1.06258213787428 1.11274642932543 0.402904566863559 2.35006571628234 6.55827377913362 12.1198891681273 14.0026358091207 18.1961018988243
63.7975881169694 55.9837936703536 58.6764199527565 47.7560031353116 34.7403009584296 23.3871959506638 15.1995571125336 11.0475131601664 7.41834843789557 4.65147302748979 2.66806880382819 2.93844203457906 5.68872833796577 11.38721663683 14.93383761154 15.4480999099463 15.9534431366042 16.3271731413241 22.8674568822188 28.8342258868691 27.453036825136 25.3543138304818 22.3744718844726 20.3359707930565 17.159780366524 13.9069221106027 12.2665593618356 12.0701149071152 11.6910492973778 12.5586162265676 11.4798754166963 12.1074575315649 12.0059133132029 10.4479931636052 9.10933594968542 6.38307278305365 4.16672065534637 2.43239615995252 1.40998776245103 1.14226481874942 0.549735012609418 3.02472904065274 6.21577924728834 10.2766301782256 11.8671593233778 16.2219774444666
43.6855919069747 37.4355517985597 36.7528711154592 31.7401994216967 25.9660469928787 18.6389645613183 12.1770640893539 9.50095195192531 7.13965034172349 4.21596880172787 1.93020817532093 1.5284929491866 6.2196824736621 13.5231109038097 15.957221638851 13.6183556630174 13.4818017006715 15.2734042155477 20.2610917266882 23.47715674569 26.8146532546426 24.991699794277 21.3521005764455 18.407347997362 14.5346845327198 12.5389732202809 10.1560971227836 9.10646415829709 9.84788395243504 11.8086269638034 11.8450807593129 12.5894114863799 13.812446492927 12.8830454356335 12.0574781336543 10.6759751940318 7.92484054569877 5.99976756540264 4.26286768929227 2.8050536666774 1.08508475338148 2.28757127061808 3.64726738853326 6.52238891710904 9.14338564614705 12.1490948840596
41.575510417487 33.880901374754 28.565275516111 23.7594908479097 19.0800799819048 17.8719997205827 12.543382350932 11.2586350507331 9.06916796247375 5.59788722518107 1.31061164771161 0.640557176388838 4.7094985499555 9.0563728675654 8.85862275183923 8.39404358589316 9.61995160266144 14.04144169424 17.1424668031597 19.6920683019488 22.2621807393082 20.7781813493117 19.1334202638907 16.9541328097688 13.655142194659 10.828168353914 7.99037627183322 7.01742375929364 6.8827683855106 10.2656420094712 10.7492175449231 11.2034711061077 13.8421787324176 15.038925213371 14.5267475486359 14.5459405887782 12.7011503532184 11.4946705023004 8.31430340239965 5.6764113760782 2.35692334395578 2.24257470316755 2.36865201851093 2.49897256007898 4.29707398023415 9.45536391125211
42.7807965066899 33.0558918166733 28.2880813426991 21.5241409941218 17.4504206594687 15.4158588773053 15.386448492815 16.7130170373366 15.2705712320775 10.2936368203694 2.50386442332954 0.385293298220009 1.4798959547573 3.9336534317486 3.36021103397822 4.25737688411777 7.38964967349079 11.7265186172289 14.897915628825 17.6264448285974 16.2390182963035 15.2981065214942 17.0841408574426 14.3053793159833 11.1099961200062 9.66137570655367 7.74386469009671 6.55306857969209 5.96719626242827 7.31267994247266 7.74051956810121 8.92243667240203 12.5100022706025 13.5310333723834 14.5341838358761 14.4064501361374 12.8799950841431 12.8332607327923 12.3833860656652 10.5457936449364 5.45606333909634 2.44089476521145 0.736044399626828 0.334053449161685 2.05343884242748 4.61434379906923
41.4181884185311 33.2000786544468 28.0498715730392 22.5192920355007 20.3143950808152 18.897778274034 20.7895295580682 20.8503892119469 19.6112571450598 12.1769005511332 4.58939336647108 1.41097274703245 1.09947917412864 2.22822768675306 1.74105481408008 1.3306587891545 4.96308048311522 7.74552894894619 10.439012590876 13.0654794386147 11.6330343759124 11.8410408942476 13.936581779469 11.0225761033629 8.09695832519929 6.87700762241468 6.8462064462383 6.06164306578489 5.28747558259395 6.77803687671626 7.28319800043808 11.3856346649407 11.810437462759 11.6039853509143 13.1079835136963 12.6037928097225 11.6877141369242 12.0740670785069 14.7920685898088 13.2825853351191 11.0694958611281 7.77514505956833 3.96744376125031 2.34014563138768 2.49823328734963 1.60009616633357
37.5060979366738 31.1121610134531 27.3010251759119 23.5849431778279 21.852362448711 20.6596877190925 19.6150956526837 17.3924919589901 16.0317672143211 10.6587352258737 5.10117003024438 1.54001327110833 1.89590729363997 1.4487538741762 0.976509156417529 0.887732905169997 1.8777078830481 2.85813146446704 5.3649614068894 7.14201865227181 4.72144816429635 7.16972523279534 7.88130973072649 6.58569351450117 4.32362143910283 4.23070845358287 5.90528569534642 5.64166863728398 3.9757828518788 4.78397642053088 6.31473916401695 11.0259491489657 11.0613454966132 10.2352782617378 11.7807810034034 11.1957783520164 11.1418805693263 10.8402898803611 13.1638948454658 11.0589970812032 10.5976964975629 10.578073006746 9.21021885547137 6.07700138183498 3.49310819424344 1.40870915413987
35.4259317111267 29.5554443014804 26.177134381936 22.2222815973436 20.1084915499785 17.4152077628844 13.8291963336572 12.4314931971454 10.2048588775621 6.36089709082716 3.44753188681956 2.75943611735197 3.5191197715212 1.61787345984991 0.548930375552002 2.38293519339442 2.2401185413285 0.893827848149031 0.92640598950251 1.24669164232859 0.742271141855913 0.749063738699307 1.42882946713225 1.88393863325533 1.99217998470569 3.06782473310161 4.932953217128 5.18591047200626 4.3687487366516 2.43044380800102 5.44447651170957 8.94422373676035 9.96542759115569 9.31235442064006 9.87941819624159 8.98786933778713 8.38396579120897 7.88210642977754 8.54113513188473 4.92521820372168 6.64741830169057 8.69718661986491 7.35069414086104 2.22479471754299 1.05336138308596 0.672719848151036
40.9160021521676 32.2130289953342 26.6263185605388 22.3551159296061 18.447477294748 14.8030172936383 12.9322566659915 12.8418359882844 10.283486250331 6.75709150461899 6.55287452982449 5.12228811830168 5.84640588776994 3.75101562528676 1.80938027913688 4.8248009145547 3.58885396847638 2.86571626813917 4.07773787022995 3.36205876290118 4.7358188464531 4.55346298460753 2.71730835236831 0.676681940154825 0.733011614532448 0.960520152697712 1.6447327978129 1.76208827605504 2.17280995700141 1.22095779825006 4.41650503914397 6.14500722854574 6.55752797773797 7.69179769278546 8.44250133757248 7.09861760956296 5.25436656228459 4.12893323010987 2.44708671548913 0.792504263562132 3.19564968511446 3.32830424119933 1.75324725717966 1.16360151521864 4.49295302891126 4.23050472346547
45.1045551753232 33.7831918685032 26.7403104968915 23.2425784286274 19.7963423446959 16.2368250159401 17.2478289877855 14.6524868393435 11.2676084484566 10.0851402803647 8.24151555574922 8.0854698842761 8.22038551598494 6.65433674676996 7.15544745470498 7.98075725188621 8.28918219639626 9.16507298194296 9.71493185241245 8.04542125023661 12.0370090299342 11.921130124272 8.15791025223078 4.33462814816219 3.81475118467771 1.83296937163024 0.468582129766752 0.851944123162564 0.714842088879993 0.277421022710556 1.75079903923664 3.11758835726513 3.9246188651342 3.75344415647153 5.89219322434789 5.31144274126305 3.42607679602092 1.17920232256753 1.33372775442934 1.92410712470504 0.785731584386748 1.0047431779111 1.27924977874916 3.1450432711779 9.25885048433122 8.56247271502054
46.2083562200679 33.7546696399666 28.9264186502696 26.2159548290509 22.7197816242989 20.2735476202722 19.808379596423 16.5838089762844 13.0901524541032 12.3251934743655 11.5976061340349 12.1567854914995 10.4769424733251 10.9620413644761 11.7169265310719 12.4520424070142 13.8652877767791 12.9308827879451 12.6965531139658 13.2253011710556 15.7419438084092 15.5737714000415 10.641612073627 8.43850218473437 7.29164508940838 4.89476260254327 2.46745967931677 1.8285926818619 1.18912988899154 1.36299447938451 2.33021176790973 1.36362432395808 1.93365271287412 3.04815127067057 3.56980435142988 3.72430612465104 1.6303021685933 1.1951721896681 2.13339157796943 3.99773482792899 4.2160500270135 3.73708200674315 5.91414784124197 10.4904073826175 12.3222773418651 9.69001911575143
47.9020612649527 36.6781767336512 32.1297912690864 27.6036845275184 24.8565300885103 21.9107625956787 20.1466641537952 17.9252679010693 16.9839040515549 14.3661371689466 13.8738978180892 15.4905495728748 15.1136873985907 16.0693289540815 15.9679204389435 16.9002883282472 16.9236559458883 16.3897318253128 16.2629774166095 15.9597487579692 16.9578640054477 18.0255244341533 13.1258039177517 11.3761466488694 9.51540493030274 9.07714942642588 7.9553294416527 7.82624718796129 6.84626626375145 4.6593357491632 4.06687476848365 2.77830542554976 1.87930507206611 0.880028397684133 0.656686727078508 1.70741488368581 2.38070514934266 4.08218468404933 4.77778126730456 4.77722782637538 6.78853922223556 6.20421594079794 10.598784327502 12.019186333524 11.9621997708877 9.63636252862577
47.5117584069053 40.6423588268486 34.6531364090637 29.6175394383021 25.657202189108 23.4535329344283 20.9620965827264 19.2720692695294 18.1256190573733 16.8011015770011 15.1300154847289 16.454151675737 17.1812701778192 18.2196464393923 18.5630761501483 17.9962917207335 18.2407863676075 17.9805265083347 18.3977236311354 19.2829793556428 19.2255555372653 18.1924436024842 15.5891317727781 14.3554875516901 13.2972055450769 14.479927275374 13.7791524943804 11.6214592798473 10.5676038508038 10.0489106078707 9.34511546127674 7.80500045560019 4.54741767817639 4.20063909176002 1.80414509023021 3.934448798837 4.95823619184117 5.2039085998448 5.22471681622259 11.3826899571092 14.4097452585173 9.09745559136627 13.7178448723114 11.9654705364495 10.9840233308278 7.65032099395954
55.5148440927715 44.0375916271012 36.8149935923116 30.9058184961539 26.6353054994446 24.2071933112951 23.6971328651689 20.9093777106471 18.3112140508725 20.3628620786509 18.9135959007316 18.7121978334047 19.5552172200109 19.0146758273277 19.2362050032628 19.9255394124811 18.8746220778624 18.7100310233271 20.7702436696618 20.0120645313344 18.4862991625092 16.8039484935888 15.730203877722 14.5643186832017 14.1980543188932 17.3399758382137 16.295998610938 14.795298884387 14.648471479121 12.5339030683519 11.742460714117 11.3683141581827 8.79870013201538 6.20976985577963 7.85483271145346 11.9563989191221 11.364538211409 12.5169903139426 11.7344753688649 14.4328119922585 17.0642642609569 13.6945135255077 13.5153246302346 11.745952174498 8.53132661178383 3.35514559206166
49.8257523483061 40.5526527506361 35.5668129233394 32.2913515706272 29.6175280138109 27.5385651729679 29.3164271127228 25.3924675285949 22.1745838668408 22.8783253516217 20.3775940631851 19.7792031302372 19.9301692768982 20.9984985866044 18.9421645601285 18.4802527206145 13.0063926977679 13.639814359091 17.2075133272535 17.587037598491 16.6861751477819 14.8223398232417 15.0020769881455 14.256006175555 11.5218467082954 15.6148675210164 17.3600817328978 22.0485354884729 21.0619451193389 21.2196304643487 17.1886252369884 18.0186697165099 13.0219190539952 10.7566539879127 14.5733941320217 20.9160352566644 18.8599661194303 18.8100957222334 18.2317576222418 17.5992752492398 17.2393550674721 13.9327046353175 10.8777342735332 10.5895060555216 6.73718935214426 1.42356674190565
