Data/Bandafassi_data/bandafassi_farm_probability.asc
NCOLS 241 
NROWS 241 
XLLCORNER -120.5 
YLLCORNER -120.5 
CELLSIZE 1 
NODATA_value -9999 
[rows 130 to 155 of 241, columns 120 to 179 of 241]
-9999 -9999 -9999 -9999 -9999 -9999 -9999 -9999 -9999 -9999 -9999 -9999 -9999 -9999 -9999 -9999 -9999 -9999 -9999 -9999 -9999 -9999 -9999 -9999 -9999 -9999 0.983911458713855 0.988759406320629 0.992148874194998 1 0.992148874194998 0.988759448995235 0.992148874194998 1 1 0.992148874194998 -9999 -9999 -9999 -9999 0.977518769699825 0.984297748387699 0.992148874194998 1 1 0.992148874194998 0.988759406320629 0.982357071823147 0.977518769699825 0.971476125665999 -9999 -9999 -9999 -9999 -9999 -9999 -9999 -9999 -9999 -9999
-9999 -9999 -9999 -9999 -9999 -9999 -9999 -9999 -9999 -9999 -9999 -9999 -9999 -9999 -9999 -9999 -9999 -9999 -9999 -9999 -9999 -9999 -9999 -9999 -9999 0.988759364166604 0.991955730085369 0.992148813097374 1 1 0.992148813097374 0.988759364166604 0.992148813097374 1 1 1 0.992148813097374 -9999 -9999 0.988759364166604 0.982356962737408 0.984297625819907 0.992148813097374 1 1 1 0.992148813097374 0.988759364166604 0.982356962737408 0.975110547348177 -9999 -9999 -9999 -9999 -9999 -9999 -9999 -9999 -9999 -9999
-9999 -9999 -9999 -9999 -9999 0.982356853320778 -9999 -9999 -9999 -9999 -9999 -9999 -9999 -9999 -9999 -9999 -9999 -9999 -9999 -9999 -9999 -9999 -9999 0.983911459077458 0.988759320971904 0.992148752000226 1 1 1 0.992148752000226 0.991955730085369 0.992148752000226 1 1 1 1 1 1 1 0.992148752000226 0.988759320971904 0.984297503253072 0.992148752000226 1 0.992148752000226 1 1 0.992148752000226 0.984297503253072 0.976446254998048 0.968595006301503 -9999 -9999 -9999 -9999 -9999 -9999 -9999 -9999 -9999
-9999 -9999 -9999 -9999 -9999 0.988759277777369 0.982356743904828 0.977518512353588 -9999 -9999 -9999 -9999 -9999 -9999 -9999 -9999 -9999 -9999 -9999 -9999 0.977518512353588 0.982356743904828 0.988759277777369 0.991955729358163 0.992148690903554 1 1 0.992148690903554 0.991955730085369 0.992148690903554 1 1 1 0.992148690903554 0.991955730085369 0.991955730085369 0.991955730085369 0.992148690903554 1 1 0.992148690903554 0.991955729358163 0.992148690903554 1 0.992148690903554 0.991955730085369 0.991955730085369 0.988759320971904 0.982356853320778 0.975110372954342 0.967580998941137 0.959927878925644 -9999 -9999 -9999 -9999 -9999 -9999 -9999 -9999
-9999 -9999 -9999 -9999 -9999 -9999 0.988759234583 0.982356634821115 0.9842972573772 -9999 -9999 -9999 -9999 -9999 -9999 -9999 -9999 -9999 -9999 -9999 -9999 0.988759234583 0.992148629062285 1 1 1 0.992148629062285 0.992148629062285 1 1 1 0.992148629062285 0.991955729358163 0.988759277777369 0.983911459077458 0.983911459077458 0.983911459077458 0.988759277777369 0.992148629062285 1 1 1 0.992148629062285 1 0.992148629062285 0.9842972573772 0.983911459077458 0.982097927067114 0.977518598482284 0.971475821730472 0.96471359736516 0.95757456176332 0.950220571207576 -9999 -9999 -9999 -9999 -9999 -9999 -9999
-9999 -9999 -9999 -9999 -9999 -9999 0.992148567221502 0.988759191909208 0.984297134813241 0.992148567221502 1 0.992148567221502 -9999 -9999 -9999 -9999 -9999 -9999 -9999 -9999 -9999 -9999 1 1 1 1 1 1 1 0.992148567221502 0.991955729358163 0.988759234583 0.983911458713855 0.982097899945312 0.977518512353588 0.97586718830701 0.977518512353588 0.982356634821115 0.988759234583 0.991955729358163 0.992148567221502 1 1 1 0.992148567221502 0.984297134813241 0.976445702400387 0.974622132748447 0.971208216517663 0.966277833305151 0.960393316558926 0.953918753257772 -9999 -9999 -9999 -9999 -9999 -9999 -9999 -9999
-9999 -9999 -9999 -9999 -9999 -9999 1 0.992148505381207 0.988759149235578 0.992148505381207 1 0.992148505381207 0.988759149235578 0.984297011505177 0.992148505381207 1 -9999 -9999 -9999 -9999 -9999 1 1 0.992148505381207 1 1 0.992148505381207 1 1 1 0.992148505381207 0.988759149235578 0.982356416324159 0.975109675861269 0.97120814946918 0.967822917589753 0.971475517593103 0.977518426745634 0.982097872823552 0.983911458713855 0.988759191909208 0.991955729358163 0.991955729358163 0.991955729358163 0.988759191909208 0.98235652540652 0.975109850015194 0.967580285470098 0.964195799700018 0.960123178409019 -9999 -9999 -9999 -9999 -9999 -9999 -9999 -9999 -9999 -9999
-9999 -9999 -9999 -9999 -9999 -9999 1 -9999 0.992148445776563 0.992148445776563 1 1 0.992148445776563 0.984296889688193 0.992148445776563 1 0.992148445776563 0.988759149235578 0.984296889688193 0.992148445776563 1 1 0.992148445776563 0.988759149235578 0.991955729358163 0.991955729358163 0.988759149235578 0.991955729358163 0.992148445776563 1 1 0.992148445776563 0.984296889688193 0.976445334588635 0.968593778985485 0.960742223770512 0.966277576047609 0.971208082624029 0.974622094714395 0.977518341138007 0.982097846355367 0.983911459077458 0.983911459077458 0.983911459077458 0.982097846355367 0.977518341138007 0.971475365833255 0.964712942036008 0.957573710192671 -9999 -9999 -9999 -9999 -9999 -9999 -9999 -9999 -9999 -9999 -9999
-9999 -9999 -9999 -9999 -9999 -9999 -9999 -9999 1 0.992148383937225 0.992148383937225 1 0.992148383937225 0.9887590633684 0.992148383937225 1 0.992148383937225 0.984296767127103 0.9887590633684 0.992148383937225 1 0.992148383937225 0.988759106562111 0.982356307242472 0.983911458713855 0.983911458713855 0.982097819233688 0.983911458713855 0.988759106562111 0.991955730085369 0.991955730085369 0.988759106562111 0.982356307242472 0.975109501943586 0.967579810192338 0.959926376206627 0.960122961150191 0.964195692356745 0.966878850005061 0.971208015779034 0.974622075812645 0.97586718830701 0.97586718830701 0.97586718830701 0.974622075812645 0.971208015779034 0.966277447506309 0.960392732711691 0.953917969244408 -9999 -9999 -9999 -9999 -9999 -9999 -9999 -9999 -9999 -9999 -9999
-9999 -9999 -9999 -9999 -9999 -9999 -9999 -9999 -9999 1 1 1 0.992148321353329 0.992148321353329 1 1 0.992148321353329 0.988759020174855 0.992148321353329 1 1 0.992148321353329 0.984296643821927 0.977518169663526 0.975867188064608 0.975867188064608 0.974622056449892 0.977518169663526 0.98209779211205 0.983911458713855 0.983911458713855 0.98209779211205 0.977518169663526 0.971475061700747 0.964712505046149 0.957573142396481 0.953389108878394 0.956821961710482 0.960122852301176 0.964195638276771 0.966878835345644 0.967822917589753 0.967822917589753 0.967822917589753 0.966878835345644 0.964195638276771 0.960122852301176 0.955036510877395 0.949240393697669 -9999 -9999 -9999 -9999 -9999 -9999 -9999 -9999 -9999 -9999 -9999
-9999 -9999 -9999 -9999 -9999 -9999 -9999 0.992148260260008 -9999 0.991955728630957 0.992148260260008 1 1 1 1 0.992148260260008 0.988759020174855 0.992148260260008 1 1 0.992148260260008 0.988759020174855 0.982356088418021 0.975109153406806 0.971207681150037 0.967822917589753 0.966878820509615 0.971207881683158 0.974622037548171 0.975867188064608 -9999 -9999 -9999 -9999 -9999 -9999 0.947068594048585 0.94924413230024 0.953389015754708 0.956821917001488 0.959019460064837 0.959778646886857 0.959778646886857 0.959778646886857 0.959019460064837 0.956821917001488 0.953389015754708 0.948969463376295 0.943795531426792 0.938055963162344 -9999 0.925413198539412 -9999 -9999 -9999 -9999 -9999 -9999 -9999 -9999
0.992148199912194 -9999 -9999 -9999 1 1 0.992148199912194 0.991955730085369 -9999 -9999 -9999 -9999 0.992148199912194 1 1 1 0.992148199912194 0.992148199912194 1 0.992148199912194 0.988758977501877 0.983911459077458 0.983911459077458 0.982097684932967 0.977517827238887 0.97586718830701 0.974621961941426 0.971207614509147 0.96687880638007 0.967822917771555 -9999 -9999 -9999 -9999 -9999 -9999 -9999 0.942415830707241 0.946293376880794 0.949244094381528 0.951099915072413 0.951734376426134 0.951734376426134 0.951734376426134 0.951099915072413 -9999 0.946293376880794 0.942415830707241 0.937784507628222 0.932554509382064 0.926854140959147 -9999 -9999 -9999 -9999 -9999 -9999 -9999 -9999 -9999
0.991955729358163 -9999 0.992148138819817 1 1 1 1 1 -9999 -9999 -9999 -9999 -9999 -9999 -9999 -9999 -9999 1 1 0.992148138819817 0.991955729358163 0.991955729358163 0.991955729358163 0.988758892676804 0.983911459077458 0.983911459077458 0.982097658138296 0.977517741633542 0.971474302511562 -9999 -9999 -9999 -9999 -9999 -9999 -9999 0.938055403622543 0.935523818273301 0.938961983541987 0.941541487955503 0.94314533843494 0.943690105888261 0.943690105888261 0.943690105888261 0.94314533843494 0.941541487955503 0.938961983541987 0.935523818273301 0.931355893989077 0.926582391119492 0.921313444390895 -9999 -9999 -9999 -9999 -9999 -9999 -9999 -9999 -9999
1 1 1 1 0.992148076982896 0.991955729358163 0.991955729358163 0.991955729358163 0.991955729358163 0.991955729358163 0.991955729358163 0.991955729358163 -9999 -9999 -9999 -9999 -9999 1 1 1 1 1 1 0.992148076982896 0.991955729358163 0.991955729358163 0.988758849483915 0.982355652434972 -9999 -9999 -9999 -9999 -9999 -9999 -9999 -9999 0.932553995396205 0.928391061568492 0.931470457935806 0.933757612411125 0.935168623542554 0.93564583520324 0.93564583520324 0.93564583520324 0.935168623542554 0.933757612411125 0.931470457935806 0.928391061568492 0.924616449580441 -9999 -9999 -9999 -9999 -9999 -9999 -9999 -9999 -9999 -9999 -9999
0.991955729358163 0.99214801663649 1 1 0.99214801663649 0.984296031408148 0.983911459077458 0.983911459077458 0.983911459077458 0.983911459077458 0.983911459077458 0.983911459077458 0.988758849483915 0.991955729358163 0.991955729358163 0.991955729358163 0.991955729358163 0.991955729358163 0.991955729358163 0.991955729358163 0.99214801663649 1 1 1 1 1 0.99214801663649 -9999 -9999 -9999 -9999 -9999 -9999 -9999 -9999 0.931355543395447 0.92658191902295 0.921312844812079 0.923866056243883 0.925918080757861 0.927177044973534 0.927601564573489 -9999 0.927601564573489 0.927177044973534 0.925918080757861 0.923866056243883 0.921082811183943 -9999 -9999 -9999 -9999 -9999 -9999 -9999 -9999 -9999 -9999 -9999 -9999
0.992147954055522 1 1 0.992147954055522 0.988758806811585 0.982355543689547 0.97586718830701 0.97586718830701 0.97586718830701 0.97586718830701 0.97586718830701 0.977517655768326 0.982097631016902 0.983911458713855 0.983911458713855 0.983911458713855 0.983911458713855 0.983911458713855 0.983911458713855 0.984295908481252 0.992147954055522 1 0.992147954055522 0.991955730085369 0.992147954055522 1 1 -9999 -9999 -9999 -9999 -9999 -9999 -9999 0.937183634765639 0.929331589038544 0.921479543379763 0.915369353566111 0.916179494015641 0.9180388617052 0.919175011541682 -9999 -9999 -9999 0.919175011541682 0.9180388617052 0.916179494015641 0.913643611160317 -9999 -9999 -9999 -9999 -9999 -9999 -9999 -9999 -9999 -9999 -9999 -9999
1 1 0.992147892965059 0.988758763619026 0.982355434281718 0.977517570163634 0.971473998800531 0.967822917771555 0.967822917771555 0.967822917771555 0.967822917771555 0.971207480618313 0.974621923677123 0.975867188064608 0.975867188064608 0.975867188064608 0.975867188064608 0.975867188064608 0.976443679382657 0.984295785927821 0.992147892965059 1 0.992147892965059 0.984295785927821 0.988758763619026 0.991955729358163 0.991955729358163 -9999 -9999 -9999 -9999 -9999 -9999 -9999 -9999 -9999 0.921068254189658 0.913253371082003 0.908431459376699 0.9101303934162 0.911165348447924 -9999 -9999 -9999 -9999 0.9101303934162 0.908431459376699 0.906104581253919 0.903195029749531 -9999 -9999 -9999 -9999 -9999 -9999 -9999 -9999 -9999 -9999 -9999
1 0.992147832620068 0.988758720947022 0.982355325206102 0.977517484819464 0.971473847253833 0.966276291523975 0.960390982993895 0.959778647032299 0.959778647032299 0.960121983280072 0.964195208090639 0.966878718953641 0.967822917589753 0.967822917589753 0.967822917589753 0.967822917589753 0.968591327477312 0.976443495864356 0.984295664120343 0.992147832620068 1 0.992147832620068 0.984295664120343 0.982097577427763 0.983911459077458 0.983911459077458 -9999 -9999 -9999 -9999 -9999 -9999 -9999 -9999 -9999 0.919847648537247 0.912141211672944 0.904411061861242 0.902199771151545 0.903149948683387 -9999 -9999 -9999 -9999 -9999 -9999 0.898487961264628 0.895790830809382 -9999 -9999 -9999 -9999 -9999 -9999 -9999 -9999 -9999 -9999 -9999
0.991955730085369 0.988758678795568 0.982355216462695 0.977517399215422 0.971473695297802 0.966276163161034 0.960390788634808 0.955034969715106 0.951734376547335 0.951734376547335 0.953388272403436 0.956821560415045 0.959019366280289 0.959778647032299 0.959778647032299 0.959778647032299 0.960738853136854 0.968591082560515 0.976443312099154 0.984295541568818 0.992147771530549 1 0.992147771530549 0.984295541568818 0.976443312099154 0.97586718830701 -9999 -9999 -9999 -9999 -9999 -9999 -9999 -9999 -9999 -9999 -9999 0.9103184727625 0.902733017968586 0.89510830645034 0.895130127401292 -9999 -9999 -9999 -9999 -9999 -9999 -9999 0.888298074260123 0.885302641759776 0.881860462724161 -9999 -9999 -9999 -9999 -9999 -9999 -9999 -9999 -9999
0.983911459077458 0.982097523838783 0.977517313871901 0.971473543752716 0.966276034798582 0.960390594424362 0.955034798507023 0.949238023603831 0.943793605224781 0.943690105888261 0.946292731738711 0.949243791032855 0.951099836356955 0.951734376426134 0.951734376426134 0.952886256484582 0.960738547095681 0.968590837645629 0.976443128583714 0.98429541901825 0.992147710441505 1 0.992147710441505 0.98429541901825 0.976443128583714 0.968590837645629 0.967822917589753 -9999 -9999 -9999 -9999 -9999 -9999 -9999 -9999 0.922349856731703 0.915141181346503 0.907827300455122 0.900431395181653 0.892970468200727 0.887106827148924 -9999 -9999 -9999 -9999 -9999 -9999 -9999 -9999 0.877923470229246 -9999 -9999 -9999 -9999 -9999 -9999 -9999 -9999 -9999 -9999
0.97586718830701 0.974621848301225 0.971207213651193 0.96627590661008 0.960390400214868 0.955034627429688 0.949237786784917 0.943793391241103 0.938053166741512 0.93564583520324 0.938961415888387 0.941541224376306 0.943145270629713 0.943690105784374 0.945033537040711 0.952885888835748 0.960738240758903 0.968590592546408 0.976442944324724 0.984295295723658 0.992147647117998 1 0.992147647117998 0.984295295723658 0.976442944324724 0.968590592546408 -9999 -9999 -9999 -9999 -9999 -9999 -9999 -9999 -9999 -9999 -9999 0.904720110640413 0.897548211829807 -9999 -9999 -9999 -9999 -9999 -9999 -9999 -9999 -9999 -9999 -9999 -9999 -9999 -9999 -9999 -9999 -9999 -9999 -9999 -9999 -9999
0.967822917589753 0.96687866102272 0.964194993244582 0.960121549216697 0.955034456353004 0.949237550082348 0.943793177258239 -9999 -9999 -9999 -9999 0.933757379980558 0.935168564170162 0.937180695589266 0.945033108572723 0.952885521686432 0.960737934722503 0.968590347635342 0.976442760812148 0.984295173547495 0.992147586029922 1 0.992147586029922 0.984295173547495 -9999 -9999 -9999 -9999 -9999 -9999 -9999 -9999 -9999 -9999 -9999 -9999 -9999 0.901054920907004 0.894130970916854 -9999 -9999 -9999 -9999 -9999 -9999 -9999 -9999 -9999 -9999 -9999 -9999 -9999 -9999 -9999 -9999 -9999 -9999 -9999 -9999 -9999
0.959778646886857 0.959019319173976 0.956821382122928 0.953387900920496 0.948967653220774 0.943792963484343 0.938052607887997 0.932551684503117 -9999 -9999 -9999 -9999 -9999 -9999 -9999 -9999 0.960737628837483 0.96859010309867 0.976442577301003 0.984295051372282 0.99214752568729 1 0.99214752568729 0.984295051372282 -9999 -9999 -9999 -9999 -9999 -9999 -9999 -9999 -9999 -9999 -9999 -9999 -9999 0.89689121957904 0.890229538169592 0.883419538689807 -9999 -9999 -9999 -9999 -9999 -9999 -9999 -9999 -9999 -9999 -9999 -9999 -9999 -9999 -9999 -9999 -9999 -9999 -9999 -9999
0.951734376547335 0.951099797118902 0.949243639589705 0.946292409660717 0.942414226863483 0.937782187968881 0.932551428127575 -9999 -9999 -9999 -9999 -9999 -9999 -9999 -9999 -9999 -9999 0.968589858563902 0.976442394039608 0.984294929570501 0.992147465345121 1 0.992147465345121 -9999 -9999 -9999 -9999 -9999 -9999 -9999 -9999 -9999 -9999 -9999 -9999 -9999 -9999 -9999 0.885893567988643 0.879327967136099 0.872616648918391 0.865781470342089 0.858840422985 -9999 -9999 -9999 -9999 -9999 -9999 -9999 -9999 -9999 -9999 -9999 -9999 -9999 -9999 -9999 -9999 -9999
0.943690105784374 0.943145236778576 0.941541092787289 0.938961132303161 -9999 -9999 -9999 -9999 -9999 -9999 -9999 -9999 -9999 -9999 -9999 -9999 0.959921575591083 0.96757601255107 0.975106719660905 0.982354562690237 0.98875842224753 0.991955730085369 -9999 -9999 -9999 -9999 -9999 -9999 -9999 -9999 -9999 -9999 -9999 -9999 -9999 -9999 -9999 0.887295669230734 0.881170618267185 0.87485250432755 0.868369124976689 0.861743727915515 0.854995778892921 -9999 -9999 -9999 -9999 -9999 -9999 -9999 -9999 -9999 -9999 -9999 -9999 -9999 -9999 -9999 -9999 -9999
0.93564583520324 0.935168534483986 -9999 -9999 -9999 -9999 -9999 -9999 -9999 -9999 -9999 -9999 -9999 -9999 -9999 -9999 0.957568608434568 0.964709016284009 0.971472633883922 0.977516800516636 -9999 -9999 -9999 -9999 -9999 -9999 -9999 -9999 -9999 -9999 -9999 -9999 -9999 -9999 -9999 -9999 -9999 0.88196686983705 0.876104936875455 0.870032802651637 0.863778573805996 0.857366201819122 0.85081607772784 -9999 -9999 -9999 -9999 -9999 -9999 -9999 -9999 -9999 -9999 -9999 -9999 -9999 -9999 -9999 -9999 -9999
