Data/Bandafassi_data/bandafassi_farm_probability.asc
NCOLS 241 
NROWS 241 
XLLCORNER -120.5 
YLLCORNER -120.5 
CELLSIZE 1 
NODATA_value -9999 
[rows 156 to 181 of 241, columns 60 to 119 of 241]
-9999 -9999 -9999 -9999 -9999 -9999 -9999 -9999 -9999 -9999 -9999 -9999 -9999 -9999 -9999 -9999 0.971206813205156 0.967822917589753 0.967822917589753 0.966878588432594 0.966275137315842 0.971206813205156 0.974621734892039 0.977516715175386 0.982354344881973 0.988758336385905 0.992147282086562 1 1 -9999 -9999 0.992147282086562 1 1 0.992147282086562 0.988758336385905 0.991955729358163 0.991955729358163 0.991955729358163 0.988758336385905 0.982354344881973 0.975106372103054 0.967575538238015 0.959920976284359 0.952202092114257 0.944445690625178 0.936665554341924 0.933757234976795 0.931469636840461 0.928389664575806 0.927176965768556 0.925917769164611 0.923865374018488 0.921081641108516 0.917640694486326 0.921081641108516 0.923865374018488 0.925917769164611 0.927176965768556 0.92760156465429
-9999 0.971206546041059 -9999 -9999 -9999 -9999 -9999 -9999 -9999 -9999 -9999 -9999 -9999 -9999 0.976441660015031 0.968588879885162 0.964194671386361 0.960120898643906 0.959778646886857 0.959019260648027 0.960120898643906 0.964194671386361 0.96687857412653 0.971472330805832 0.977516629574276 0.982354236144606 0.988758294235892 0.992147220256387 1 1 1 0.992147220256387 0.992147220256387 1 0.992147220256387 0.984294440138006 0.983911458713855 0.983911458713855 0.983911458713855 0.982097308830955 0.977516629574276 0.971472330805832 0.964708580668826 0.957568042498878 0.950212570238008 0.942724912129374 0.935150839520754 0.92751743710027 0.923865317160245 0.921081543633898 0.919174940105965 0.918038580066421 0.916178874351632 0.913642541880118 0.910487080670788 0.913642541880118 0.916178874351632 0.918038580066421 0.919174940105965 0.919557293974031
0.97586718830701 0.977516373293263 0.982097228121997 0.983911458713855 0.983911458713855 -9999 -9999 -9999 -9999 0.992147158426698 1 -9999 -9999 -9999 0.975106024785046 0.967575064292722 0.959920377132552 0.95338734458013 0.951734376304933 0.951099747832124 0.95338734458013 0.956821115363529 0.96038884745929 0.966274880599235 0.971472179473051 0.977516544493859 0.982354127076397 0.988758250524935 0.991955729358163 0.992147158426698 1 1 1 1 0.992147158426698 0.984294317596032 0.97644147651246 0.975867188064608 0.975867188064608 0.974621696628078 0.971206679318047 0.966274880599235 0.96038884745929 0.95391275150302 -9999 0.939966587029091 0.932702185819579 0.925318594880892 0.917847945356985 0.913642452937736 0.911165283518963 0.910130136626472 0.908430892272733 0.906103597951785 0.903193539457436 0.906103597951785 0.908430892272733 0.910130136626472 0.911165283518963 0.911513023454181
0.983911458713855 0.983911458713855 0.988758165184984 0.991955729358163 0.991955729358163 0.991955729358163 0.992147096597497 1 1 1 1 -9999 -9999 0.977516458893398 0.971472027936017 0.964708145390533 0.957567476708599 0.950211875839404 0.943690105784374 0.943145194593296 0.946291926492887 0.949243412310574 0.955033088543517 0.960388653701404 0.966274752588576 0.971472027936017 0.977516458893398 0.98209725524278 0.983911458713855 0.988758207854878 0.991955729358163 0.992147096597497 1 1 0.992147096597497 0.984294194682551 0.976441292763009 0.968588390464111 0.967822917407952 0.966878544807948 0.964194563719714 0.960120681690875 0.955033088543517 -9999 -9999 -9999 0.929416726098097 0.922344844421029 0.915135519049897 0.907820992775519 0.903193415337964 0.902199535125033 0.900635808821603 0.898487051682998 0.895789446459174 0.898487051682998 0.900635808821603 0.902199535125033 -9999 -9999
0.991955729358163 0.991955729358163 0.992147036258625 1 1 1 1 1 0.992147036258625 0.991955729358163 0.991955729358163 0.988758165184984 0.98235390927351 0.97510567770687 0.967574590534765 0.960388459649106 0.953912230586405 0.951099669356191 0.949243147460214 0.946291363492394 0.942412492328495 0.943791254050961 0.949235420846006 0.955032917993054 0.960388459649106 0.966274624578403 0.971206546041059 0.974621658594681 0.977516373293263 0.982097228121997 0.983911458713855 0.988758165184984 0.991955729358163 0.991955729358163 0.988758165184984 0.98235390927351 0.97510567770687 0.967574590534765 0.959919778281608 0.959019225532497 0.956821026082818 -9999 -9999 -9999 -9999 -9999 0.925404947377418 0.918681154230037 0.911770635656224 0.904714009078039 0.897541458786519 0.894251760896424 0.892803899174004 0.890809141500819 0.888296782925532 0.890809141500819 -9999 -9999 -9999 -9999
-9999 1 1 1 0.992146975175301 0.991955729358163 0.991955729358163 0.991955729358163 0.988758122515252 0.983911458713855 0.983911458713855 0.98209720132801 0.977516287953636 0.971471725069418 0.966878457912062 0.964194242192108 0.960120031865668 0.959019155301528 0.956820759461097 0.953386603137963 0.948965545675846 0.94378997354509 -9999 0.949235184500171 0.955032747183056 0.960120465179088 0.96419445687028 0.966878516019245 0.971206479402796 0.974621639923761 0.977516287953636 0.98209720132801 0.983911458713855 0.983911458713855 0.98209720132801 0.977516287953636 0.971471725069418 0.964707710117607 -9999 -9999 -9999 -9999 -9999 -9999 -9999 -9999 0.920777113350738 0.914416083709178 0.907824721800185 0.901049045881156 0.894124436442402 0.887078288953357 0.884942683058691 0.88308195567228 0.880732240170839 0.88308195567228 -9999 -9999 -9999 -9999
-9999 1 1 1 0.992146914092453 0.991955729358163 0.988758037176273 0.983911459077458 0.983911458713855 0.983911458713855 0.983911458713855 0.98209712094629 0.977516031936696 0.975867188064608 0.974621564087697 0.971206212851286 0.967822917771555 0.966878443606053 -9999 -9999 -9999 -9999 -9999 -9999 0.948966147347776 0.953386973606576 0.956820937344207 0.960120356776948 0.96419440295555 0.966878501359976 0.971206412764687 0.97462162102235 0.97586718830701 0.97586718830701 0.97462162102235 0.971206412764687 0.966274368386061 -9999 -9999 -9999 -9999 -9999 -9999 -9999 -9999 -9999 0.915634543450459 0.909634744647548 0.903368930070998 0.896885582180214 0.890223236301128 0.88341257481384 0.877057782303264 0.875314655391066 0.873108672770855 0.875314655391066 0.877057782303264 0.878318160168836 -9999 -9999
-9999 -9999 1 1 1 1 0.992146853010079 0.991955729358163 0.991955729358163 0.991955729358163 0.991955729358163 0.988757994507026 0.983911458713855 0.983911458713855 0.982097094152463 0.977515946598364 0.97586718830701 0.974621545416846 -9999 -9999 -9999 -9999 -9999 -9999 -9999 0.946291604637559 0.949243260983807 0.953386880989147 0.956820892771752 0.960120248521789 0.964194349367656 0.966878486877332 0.967822917589753 0.967822917589753 0.966878486877332 0.964194349367656 0.960120248521789 -9999 -9999 -9999 -9999 -9999 -9999 -9999 -9999 -9999 0.910065494259925 0.904414579580822 0.898470368782943 0.892281405547304 0.885887505932936 0.879321239755477 0.872609257851611 0.867514295797688 0.865436112183051 0.867514295797688 0.86915347849722 0.870337009746453 -9999 -9999
-9999 -9999 1 1 0.992146791183282 1 1 1 1 1 1 0.992146791183282 0.991955729358163 0.991955729358163 0.988757951837942 0.983911458713855 0.983911458713855 0.982097067358677 -9999 -9999 -9999 -9999 -9999 -9999 -9999 -9999 0.942412758879699 0.946291524255717 0.949243223065746 0.953386788246404 0.956820848199343 0.959019178569092 0.959778646886857 0.959778646886857 0.959019178569092 0.956820848199343 -9999 -9999 -9999 -9999 -9999 -9999 -9999 -9999 -9999 0.909097345294307 0.904144270123107 0.898823488978131 0.893189939991359 0.887290512550734 0.881164797631954 0.874846018123096 0.868361972972663 0.861735911240768 0.857722484304633 0.859686390306985 0.861233087244279 0.862348510624294 -9999 -9999
-9999 -9999 -9999 -9999 1 1 0.992146730101865 0.991955729358163 0.991955729358163 0.992146730101865 1 1 1 1 0.992146730101865 0.991955729358163 0.991955729358163 -9999 -9999 -9999 -9999 -9999 -9999 -9999 -9999 0.932697622862802 0.935521074967347 0.938960353432912 0.942412625502361 0.946291443765077 0.949243185147714 0.951099679046048 0.951734376304933 0.951734376304933 0.951099679046048 -9999 -9999 -9999 -9999 -9999 -9999 -9999 -9999 -9999 -9999 -9999 -9999 -9999 -9999 0.881961946300785 0.876099354688949 0.870026557464779 0.863771663364455 0.857358625563487 0.850807836161546 0.851835304916874 0.853299214320972 0.854353872148633 -9999 -9999
-9999 -9999 -9999 -9999 -9999 -9999 1 0.992146669765809 0.988757866500259 0.988757909169019 0.991955729358163 0.991955729358163 0.992146669765809 1 1 1 -9999 -9999 -9999 -9999 -9999 -9999 -9999 -9999 0.942720396880145 0.935145630913149 0.928388591750325 0.931469006194016 0.935520955845715 0.93896028270543 0.941540698522349 0.943145135431066 0.943690105784374 0.943690105784374 0.943145135431066 -9999 -9999 -9999 -9999 -9999 -9999 -9999 -9999 -9999 -9999 -9999 -9999 -9999 -9999 -9999 0.87073146138624 0.864899693079174 0.858871796569784 0.852671843421897 0.846320656401453 0.843964538465965 0.845353934596351 0.846354052499547 -9999 -9999
-9999 -9999 -9999 -9999 -9999 -9999 -9999 1 0.992146609430216 0.98875782383166 0.983911458713855 0.983911458713855 0.988757866500259 0.991955729358163 0.991955729358163 0.992146609430216 1 -9999 -9999 -9999 -9999 -9999 -9999 -9999 0.944440612262028 0.936659736212731 0.928862914523677 0.924612624644896 0.928388484574855 0.931468943197979 0.933756915916649 0.935168445606003 0.93564583520324 0.93564583520324 0.935168445606003 -9999 -9999 -9999 -9999 -9999 -9999 -9999 -9999 -9999 -9999 -9999 -9999 -9999 -9999 -9999 -9999 0.859499072364099 0.853693470756509 0.847704135564414 0.841551900863533 0.836076925879194 0.837398920186087 0.83834982089111 0.838923055798442 -9999
-9999 -9999 -9999 -9999 -9999 -9999 -9999 -9999 -9999 0.992146547605337 0.984293095580814 0.977515690845485 0.982097014097977 0.983911459077458 0.984293095580814 0.992146547605337 1 -9999 -9999 -9999 -9999 -9999 -9999 -9999 0.945025835449697 0.93717238344293 0.929318931317278 0.921465479249569 0.921080472977663 0.923864692874894 0.925917458046456 0.927176886563664 0.927601564573489 0.927601564573489 0.927176886563664 -9999 -9999 -9999 -9999 -9999 -9999 -9999 -9999 -9999 -9999 -9999 -9999 -9999 -9999 -9999 0.85922859981636 0.853855041304099 0.848265192742978 0.842482078866221 0.836526209616138 0.830415785631032 0.829435533202232 0.830341801900793 0.83088789431554 -9999
-9999 -9999 -9999 -9999 -9999 -9999 -9999 -9999 1 0.992146486525814 0.988757738494948 0.983911458713855 0.982096933717097 0.977515434835344 0.982352931016983 0.988757781163223 0.991955729358163 0.991955729358163 -9999 -9999 -9999 -9999 0.959917085825203 0.952197394521011 0.944440189524756 0.936659251900708 0.928862368660736 0.921054264367714 0.913641474577589 0.91617825580883 0.91803829892822 0.919174868815064 0.919557293974031 0.919557293974031 -9999 -9999 -9999 -9999 -9999 -9999 -9999 -9999 -9999 0.887579733890568 0.881959979025222 0.876097124226536 0.871042031083405 0.867039239043637 0.862703561353416 0.858065500736132 0.85315370623451 0.847994711196546 0.842612822776526 0.837030121775637 0.83126653935337 0.825339981129963 0.821464893885667 0.822330507507985 0.822851905941828 -9999
-9999 -9999 -9999 -9999 -9999 -9999 -9999 -9999 1 1 0.992146425446766 0.991955729358163 0.988757696347177 0.982352713560344 0.977515520431906 0.982096960510684 0.983911459077458 0.983911459077458 -9999 -9999 -9999 -9999 -9999 0.950208060932185 0.942719576799559 0.935144684815911 0.92751046791202 0.919833872744976 0.912126005055517 0.908430325938889 0.910129880097846 0.911165218524198 0.911513023321961 0.911513023321961 -9999 -9999 -9999 -9999 -9999 -9999 -9999 -9999 0.886750335227654 0.881689897855817 0.876337472707888 0.87072932367826 0.864897292549146 0.860160087224792 0.856031397779838 0.851601689662946 0.846897088651163 0.841942139440397 0.836759637452727 0.831370561535665 0.825794081845454 0.820047619632258 0.814146941548912 0.81431636174785 0.814815198410175 -9999
-9999 -9999 -9999 -9999 -9999 -9999 -9999 -9999 0.99214636511305 1 1 1 0.99214636511305 0.988757653679224 0.982352605164514 0.975103597454132 0.975867188064608 0.975867188064608 0.97462145067978 -9999 -9999 -9999 0.953909368696347 0.947058466981676 0.939961497110014 0.932696255383307 0.925311831258974 0.917840354490934 0.910303576204718 0.902716672415739 0.902199299457973 0.903149829512254 0.90346875274299 -9999 -9999 -9999 -9999 -9999 -9999 0.892582405377517 0.888913099530612 0.884824451717512 0.880359446384221 0.875558588629111 0.870459213641382 0.865095168926769 0.859496764313049 0.853690900162255 0.849225249584871 0.844989885792391 0.840480128267177 0.835718572938371 0.830726467196705 0.825523599388017 0.820128257793185 0.814557241297079 0.808825907398515 0.80629971852782 -9999 -9999
-9999 -9999 -9999 -9999 -9999 -9999 -9999 -9999 0.988757653679224 0.991955729358163 0.992146304034946 1 1 0.992146304034946 0.984292607695168 0.976438911599077 0.968585215371949 0.967822917589753 0.966878356710433 0.964193867243593 0.960119274531953 -9999 0.949232586266576 0.942940424227207 0.936300570368397 0.9294110721821 0.922338340312472 0.91512817140098 0.907812807587971 0.900415428702781 0.894251542941475 0.895130017455209 -9999 -9999 -9999 -9999 -9999 -9999 -9999 -9999 -9999 0.878003299869724 0.873779327657313 0.869219764377491 0.864358448281639 0.859226637033802 0.853852822507292 0.848262714263812 0.842479338170312 0.838248236266064 0.833921409950822 0.82934271810625 0.824531876271604 0.81950744667113 0.814286764259274 0.808885911403303 0.803319730102316 -9999 -9999 -9999
-9999 -9999 -9999 -9999 -9999 -9999 -9999 -9999 0.992146242957317 0.984292485539913 0.988757611011433 0.992146242957317 1 0.992146242957317 0.984292485539913 0.976438728614476 0.968584971433862 0.96073121429371 0.959019073508295 0.95682044853998 0.953385955075965 0.948964493426118 0.943788480976641 0.938046751183568 0.931882209279516 0.92539959790297 0.918674943634263 0.911763568738742 0.904706091375643 0.897532695750005 -9999 -9999 -9999 -9999 -9999 -9999 -9999 -9999 -9999 -9999 -9999 -9999 0.867038070275041 0.862702163966239 0.858063865166318 0.853151824848534 0.84799257813322 0.842610433530557 0.83702747298018 0.831392315695089 0.827237077937387 0.822831015632603 0.818192363902788 0.813338461899604 0.808285658334028 0.803049261132568 -9999 -9999 -9999 -9999
-9999 -9999 -9999 -9999 -9999 -9999 -9999 1 0.992146181880164 0.988757525676337 0.98235238738041 0.988757567823468 0.991955729358163 0.988757567823468 0.98235238738041 0.975103250879723 0.967571278391458 0.959915591683339 0.952195590381179 0.949242845269716 0.946290720770664 0.942411426745499 0.937778138574274 0.93254604932278 0.926843523366485 0.920772076642653 0.914410182937982 0.907817957830529 0.901041421945022 0.894115956753094 0.887068958071116 0.879921821252734 0.879335940977033 0.879335940977033 -9999 -9999 -9999 -9999 -9999 -9999 -9999 -9999 0.860158976034677 0.85603006527525 0.851600125451413 0.846895284338954 0.841940088243261 0.836757334089897 0.831368001846131 0.82579126272305 0.820441160081697 0.816197903320655 0.811722568516652 0.80703130206822 0.802139462687535 -9999 -9999 -9999 -9999 -9999
-9999 -9999 -9999 -9999 -9999 -9999 -9999 1 1 0.992146121548319 0.988757483529364 0.982352171256376 0.983911459077458 0.982096826869902 0.977515094273526 0.971469607758755 0.964704667500928 0.957562956861062 0.950206328987937 0.942717527568564 0.93895964664096 0.93551988530323 0.931350121864185 0.926574619721058 0.921303575079691 0.915629814157534 0.909629156591551 0.903362478581293 0.896878266678384 0.890215058629242 0.883403538040425 0.876468236254032 0.871291670369089 0.871291670369089 -9999 -9999 -9999 -9999 -9999 -9999 -9999 -9999 -9999 0.849223977346962 0.844988388413307 0.840478396609048 0.83571659955376 0.830724246031848 0.825521125643849 0.820125527664752 0.814554251838965 0.809456060101224 0.805135466449546 0.800599078483927 0.795861281948495 -9999 -9999 -9999 -9999 -9999
-9999 -9999 -9999 -9999 -9999 -9999 -9999 0.992146060472109 1 1 0.992146060472109 0.984292120197091 0.976438180165752 0.974621356634576 0.971205480456832 0.966272577348933 0.960385361143697 0.953908069557429 0.947056838291846 0.939959542306802 0.932693977761123 0.928387520656351 0.924611193923196 0.920238116561409 0.915360735387204 0.910061058196153 0.904409297113909 0.898464229003738 0.892274403305836 0.885879639566825 0.879312510057511 -9999 -9999 -9999 0.863022082447932 -9999 -9999 -9999 -9999 -9999 -9999 -9999 -9999 0.842301247698089 0.838246801404142 0.833919746818919 0.829340818584693 0.824529733720072 0.819505055574792 0.814284120161556 0.808883010839926 0.80331657030122 0.798442558470386 0.794053508881257 0.789462923071445 0.784683690916144 -9999 -9999 -9999 -9999
-9999 -9999 -9999 -9999 -9999 -9999 0.982352062200928 0.988757440341889 0.992145998651552 1 0.992145998651552 0.984291998045627 0.976437996938557 0.968583995700454 0.964193599472307 0.960118733860513 0.955030017693486 0.949231406688445 0.942938912975685 0.936298727908073 0.929408900556287 0.922335842208857 0.917637636064492 0.91361684059813 0.909093985238632 0.904140108316773 0.89881849869858 0.893184104114183 0.887283820720213 0.881157244360223 -9999 -9999 -9999 -9999 -9999 -9999 -9999 -9999 -9999 -9999 -9999 -9999 -9999 0.835276581753529 0.831390939246373 0.827235479254314 0.822829186090765 0.818190296188438 0.813336149982388 0.808283097215182 0.803046446734254 0.797640451458599 0.792078319905644 0.787405062428489 0.78295501410477 0.778316004387726 -9999 -9999 -9999 -9999
-9999 -9999 -9999 -9999 -9999 -9999 -9999 0.982351953809099 0.988757397674907 0.991955729358163 0.988757397674907 0.982351953809099 0.975102558685209 0.967570333518477 0.959914397197988 0.953385492753741 0.948963742651175 0.943787415846915 0.938045359585925 0.931880486496314 0.925397543283538 0.918672558273495 0.911760854500702 0.906771447724467 0.902565804428901 0.89792823613155 0.89291484469515 0.887575896756274 0.881955557086474 -9999 -9999 -9999 -9999 -9999 -9999 -9999 -9999 -9999 -9999 -9999 -9999 -9999 0.831606809538209 0.828162480425497 0.824434188855649 0.820439622067711 0.816196139962416 0.811720572041006 0.807029065927049 0.802136981331343 0.797058823061306 0.791808206671261 0.786397849505857 0.780839581678643 0.776347118090888 0.771842389108022 0.767159862205958 -9999 -9999 -9999
-9999 -9999 -9999 -9999 -9999 -9999 -9999 0.97751475319654 0.982096719696597 0.983911458713855 0.982096719696597 0.97751475319654 0.971469003515396 0.964703799200788 0.957561828594059 0.950204944251268 0.942715889237323 0.937777176423461 0.932544771204214 0.926841919397988 0.920770142173471 0.914407916568184 0.907815360018818 0.901038493774263 0.895825329304178 0.891475386648487 0.886747250108312 0.881686251986877 0.876333252143441 -9999 -9999 -9999 -9999 -9999 -9999 -9999 -9999 -9999 -9999 -9999 -9999 -9999 0.824272919886997 0.820969605025662 0.817388080087054 0.813544376368714 0.809454359225809 0.805133537581136 0.800596914592156 0.795858877047476 0.790933118280946 0.785832590473283 0.780569480424414 0.775155204968446 0.769647839514 0.765271609138547 0.760717596552865 0.755995755725675 0.751115638641113 -9999
-9999 -9999 -9999 -9999 -9999 -9999 -9999 0.971205214117726 0.974621280799358 0.975867187822206 0.974621280799358 0.971205214117726 0.966272066037947 0.960384587515039 0.953907030628018 0.947055536038997 0.939957979231031 0.932692156674898 0.92657344554567 0.921302083948312 0.915627997589322 0.909627010184763 0.903360000538709 0.896875456831751 0.890211917656304 0.884822054982194 0.880356526255399 0.875555122577384 0.87045518486114 0.865090564967511 -9999 -9999 -9999 -9999 -9999 -9999 -9999 -9999 -9999 -9999 -9999 -9999 0.816879363928485 0.813707079857148 0.810262567936966 0.806560370046306 0.802614985267486 0.798440693767373 0.794051413905461 0.789460591395018 0.784681117114399 -9999 0.774604685697713 0.769330332895324 0.763912517859151 0.758611599036378 0.754180903901456 0.749582252314927 0.744824724657883 -9999
-9999 -9999 -9999 -9999 -9999 -9999 -9999 -9999 0.966878226544046 0.967822917589753 0.966878226544046 0.964193385779514 0.960118301886022 0.95502933645267 0.949230463921372 0.942937705110466 0.936297255025047 0.929407164629613 0.922333845214904 0.915359349228414 0.910059354362484 0.904407268156779 0.89846187084875 0.892271713866214 0.88587661827466 0.879309157172092 0.873776559988526 0.86921646663155 0.864354600957775 0.859222225454402 -9999 -9999 -9999 -9999 -9999 -9999 -9999 -9999 -9999 -9999 -9999 0.812204334467604 0.809433086333584 0.806382742439039 0.80306627128478 0.79949687823299 0.795687818734911 0.791652237275198 0.787403033160485 0.782952752583482 0.778313504752897 -9999 -9999 0.763375340838168 0.758090816925426 0.752669788258185 0.747557119414021 0.743076964767747 0.738437698608299 -9999
