Data/Bandafassi_data/bandafassi_hand.asc
NCOLS 241 
NROWS 241 
XLLCORNER -120.5 
YLLCORNER -120.5 
CELLSIZE 1 
NODATA_value -9999 
[rows 180 to 199 of 241, columns 46 to 91 of 241]
12.2092176491858 0.971136399882146 9.00291684527892 22.4352315996577 33.7983435353644 41.7046094773852 47.1421466933975 50.4749910016534 56.6484546601443 61.4271897712585 63.955187918618 57.0173485427258 49.2593252214828 44.7360014607557 40.0205051464126 36.3665471718466 31.2500596417436 27.689340506739 24.3425437444943 20.2893952673372 17.5042392922161 13.1096629946227 12.2964112189151 13.5476481855531 12.325770644306 11.4048323397248 11.1861975583155 9.55171110452717 8.72334846626911 7.94994523327683 5.28441409881133 6.57281698099752 9.58838242554153 10.4127331718482 9.91072148059553 10.4463311992758 10.2472448517792 7.30771454872048 1.33608531881046 1.54832623170477 6.65887683359768 10.2479014381274 12.4834244847978 13.0961078948432 16.028355633727 18.4001943091071
12.2916973583493 2.19155092541214 8.34392443117398 24.360389298789 30.9230217728066 39.7121653078839 48.5554783386057 52.6316240148541 55.2583653549468 56.8127987802178 60.5699943909963 58.2908154599322 51.1119312624608 48.5385950020192 45.4069770912134 39.0973692044798 34.1257470366935 30.3087490415567 26.5412820253572 22.3127515113612 18.9955162887838 15.0292106505179 13.6437006783452 13.5533981297806 14.2912680428822 13.3749079718809 12.8970449771442 10.475790094337 8.55888444628852 5.76527900164365 6.42792595533415 8.15143917174466 9.99464286851582 11.2957151015689 11.5475236839543 12.6645527997681 13.0641668935003 9.07042705763988 2.01064167269059 2.24418198020257 6.36876823110989 8.49500176670941 10.5855273986066 12.8353550396114 15.0001380082061 17.2002351699016
3.73330448334045 2.2472159977715 8.04710648227521 17.8367471135479 25.2981220099837 38.1093019363412 41.6425735332907 46.141089425797 47.897670284191 50.9071670734861 56.7910922686514 60.350702628921 58.5455186452475 58.7263329573689 55.8958539422336 45.5021599556196 38.4979788269696 33.0238822484134 28.2809036594672 23.9178214719841 20.6118759819144 17.1493126375053 15.9940363866909 15.8706741057207 14.7110944609765 13.8639389570597 13.7165757255549 11.2658157234519 8.97430030093415 7.33679769838728 7.76640793776456 9.72044793448016 10.5758807929733 11.690904906642 12.9222226563133 14.7460579908554 14.3403176415408 9.64336117151102 2.85980970940038 1.30097200438152 4.59277218101345 7.34787095191692 9.66902493391768 11.8191431755629 13.6300838971371 17.0420689252322
1.98151408777658 7.83600513604986 13.837869369934 24.056532345448 30.6368645300147 32.1394771324329 31.4950131337311 38.3257530639402 39.9430117410426 43.2575696389124 51.4033448410798 56.3871710067187 60.3000280286293 63.432345477146 66.0033675931006 53.3499642079769 45.4165912533005 36.6182308623357 31.0772241260913 26.6998902666106 23.2619055868357 20.2922868110757 18.1413058513689 18.0777023107192 17.0093514907966 15.857735095438 14.3139791061642 12.6213525562572 10.1837245770353 8.40176108115219 9.38477680305187 10.6627002705155 11.1888078930058 12.7750238020022 15.0834178278901 15.8132347174469 13.524079738478 8.81206863261992 2.46892040648799 1.39240507078983 4.5447340463272 5.94581695124048 8.19685900234182 10.1140595680788 12.781507253587 16.8781604124714
2.98297731575423 12.4231107244578 19.5685285022639 25.6236506598125 27.0884273866789 24.9387141866739 24.6440145096387 25.9625895428535 29.1563902803928 33.1309187680677 38.0796379582992 45.486241225199 55.9861976237071 63.4683512326502 68.9429094658105 57.1961460351886 50.8494134387838 43.4641893709606 36.223564138055 29.8808010376654 26.4479626719554 22.4132552637006 20.2136151936059 19.6327138706835 18.5562029711699 17.3061081890477 15.4827455926953 14.2308716545889 12.9189124757524 10.244890298123 10.996569374795 12.5142219182943 13.6860852620761 14.3161548530058 15.6497194550688 15.0879070357086 11.2154566841018 5.33247561370893 1.27795247970811 5.24414433107719 8.35510141926905 8.96642535800975 9.71909339935725 11.3112186189609 13.7291720112231 16.7793084020498
2.34932225658881 7.11514677773188 10.718990936635 13.6506623244544 16.6902115010963 16.0333429164321 18.3593918391659 20.6232850892997 23.4277415527795 26.6427520892924 32.3714459575944 42.3404482516902 54.7030181278462 61.8850760015152 69.0249457553842 64.8053746568931 57.3523043339344 48.995499821243 40.4449766706336 33.3751563322174 28.2379097186194 24.4882880395035 23.3047338598887 22.8988863396274 22.1297119662986 19.7607330111164 17.8489109941049 16.0265026692556 14.1534497087266 13.5748707254911 14.2066049864569 15.7916523387242 16.5651564267967 15.0876587770337 14.1854135554373 13.6025803203817 10.7461264678794 5.33254110346887 1.89782378946266 5.78221290212144 10.6878237321023 11.8430051269695 10.7901756398978 13.530242210891 15.6305965354763 16.5095376531969
1.15053677229925 3.13106194720674 8.50062809924327 8.86825568955041 9.66904048841251 11.2851290797264 13.7873886061569 21.5613735291591 26.6810415732853 30.3754682161012 34.5679467293273 45.5139217280451 54.1443839779289 60.3091945121656 67.2485039845685 70.9629196449923 64.4991058531199 53.9931284302952 42.9912156944723 35.9424488934064 30.7053342612103 26.3590396109729 26.4551106040583 25.9823327118762 24.2714074368728 22.2052941548194 20.1862422887795 17.670127285772 15.986806894738 16.5027993513181 17.7363999890207 16.8763107725475 15.9939478921356 15.1357770182917 13.874554688875 12.7390535629077 10.4183003384418 5.83493882099831 2.53738416131905 3.0906103588541 9.82063776745488 12.8161587435172 12.4292992311096 15.5118459977261 16.7939363830206 16.4748285766486
0.76887953554632 4.66961000111619 17.8948089494586 16.5245652238601 10.8916763275268 11.369178935671 12.2269269675531 20.0732600676585 30.3159079413795 35.8737163229355 45.7235187325348 53.8653787482653 57.7104765865021 63.6993261944414 70.6250428183959 69.280898138309 60.8278462946649 54.6451402717853 43.9437475278219 38.5230154375127 32.9898643785859 29.070799485319 28.0939885335532 28.2356021285626 26.1622998424898 24.1913421665556 21.3502854243935 19.0266007213672 18.0411808759014 17.9791340079304 18.6291250502968 18.5404115703795 16.946698730383 16.6142401232313 13.4923205930194 11.1254318587413 9.98674612352088 6.55874422051647 3.51882359382282 2.16361151362315 6.97509022360907 11.5454378213627 13.6361042064367 15.8538590850195 16.75472511389 16.3960507608891
3.6944335402815 11.4783953028727 25.8024166715065 24.8937430184727 13.4912578784788 15.1673777372322 14.5542010054672 17.9653051762229 28.0220333311361 44.6792967737213 59.0931704418833 59.0949505751322 61.9802878840489 68.369946881838 74.9496584522046 70.0417266697893 59.7748102111478 52.6387241736619 44.7196452418833 39.2984778173013 36.1922806369398 33.7309806849589 31.9074990389439 28.9940002817913 26.6721757330642 23.8441685892998 23.1121758963929 21.3933886536333 19.8293352870362 18.7298778874256 20.244354266455 18.5445934897464 16.3012568576144 15.4856461504827 12.5821566062771 10.0328749842515 6.73585877069562 5.49332058122483 3.98352043627622 4.05348659139775 5.42063169407012 8.56842356609036 12.9535414565373 16.3793470003685 18.5528742646303 17.3521940175761
7.70704453867687 17.5350563141833 31.896254232375 36.2898269193032 25.5905194445218 23.1868614783513 19.825586461168 23.2032108188558 42.4596289562744 63.4616856157329 66.1512073510541 66.3696243782892 68.7945256087411 72.8138011726597 79.5132555110213 73.0836504086626 66.0211061388223 55.2461707043668 45.382597610424 41.3728976721881 40.448714154349 37.2321203007531 34.0331384056802 30.3840688465453 28.0462856301126 25.536812372235 24.0070261993774 23.119967229708 22.0779690897689 19.7519760959673 19.0369018234042 16.8619433321339 14.9026733179387 14.0612563674097 12.4046600094536 9.30931821682706 8.52939934635284 7.8281172719529 8.20191269479085 8.08161181120477 11.2353614570456 13.0333855507352 14.7621502940606 16.2133008768854 16.9819742232424 17.8318264193776
9.04533529101916 19.8254977379166 36.3615825170846 47.6683929119144 48.0281593756028 41.8589050262423 29.5585951267529 42.1441862823046 62.2340210698601 73.6638914442601 74.4376202725482 77.6577265146202 77.5765270239697 78.8601886592895 83.7400205983682 77.2908814911429 69.9153203056411 59.40941578967 51.5623341652588 47.6869386293173 46.221460766991 41.9238618036044 37.2565648926584 33.6345821038676 30.4395000966468 27.9978299679457 26.0238915832689 25.3545342253554 24.7359890392016 21.9617237333118 21.4520577593074 18.9460262105408 15.3781380430385 11.8039574750911 10.38001255336 10.6088021741892 12.16546003953 12.4132312892138 12.501405071111 12.4953047568914 14.2864172666526 16.0152988319194 17.1277039576461 18.0795039659359 18.3255994400002 19.3083498971462
8.63590009251686 18.8031525291234 31.3315989679962 40.7799458661313 52.9593790348156 57.1802626349626 53.2391490877593 63.1690649774857 66.8342410495386 69.8378078407458 73.7777582002993 80.4278653523746 83.6966222790841 88.1422517929184 92.4401745071323 92.5367183550246 83.8769194770135 66.1922889410535 60.1673045827405 57.3442856743785 52.9489249334158 47.8386424075737 42.2567679557262 37.7136913823891 33.7942641419151 31.5129631486131 29.522441140204 27.2181331305177 25.0342444455626 23.6360181289965 22.4190665933832 19.9361034081615 16.2641427198163 12.6765386283643 13.6643030549757 14.4098506323637 15.5319032613065 16.4151801316245 16.1665247232443 16.1821567134848 17.5232473419392 19.1507993676795 19.1569017607108 19.3022337024132 20.5038719293573 21.2450748918488
9.05053806893002 13.6145271912127 22.3556924839045 38.1943319327516 50.090338647958 60.65629304182 63.6214446732613 51.3249170131861 43.6548188180338 49.916027252898 68.2379049289335 75.2482106566776 82.315941745963 88.2748189793614 94.331722899743 96.8391618030448 91.1294522351086 74.5698842074854 68.1815509644845 67.4484294271319 65.2616069767506 59.5270167269183 50.2078294766509 43.4869376228589 39.3310438755998 36.0489581464673 33.1837063195869 29.5166285357838 26.8715428505501 25.8242705366426 24.8609699289402 21.8371805780538 16.7535261938709 16.4120463110041 18.3694272051896 18.3912978923931 18.6587395844929 18.6648044198419 19.5340813329379 20.0816423658978 22.5321698755132 22.9863090285014 21.2853720107512 20.6688144433623 21.9124575573286 24.4001644488854
11.9282792171564 15.5361204284629 22.2257559945674 38.4526228009194 52.3596369247514 58.1572674433468 49.0188511925584 35.1481237453782 31.8933254916538 46.6860260484851 65.0012978064906 70.0954456064974 72.8101994849677 80.4459702890639 88.4742239037885 93.5168345271774 87.4831354345334 79.7156553139444 79.7404810911966 80.1830411706838 86.4575777512487 79.0209483549487 63.0967179912096 53.1805001074825 45.0968695148662 41.3650348609038 36.6868350245815 33.2740792619358 29.7508248986302 27.293398968264 24.2215393067677 21.4319894250914 16.8036325840169 18.7615164851305 20.7925539539653 21.5507400175164 21.5990243928158 20.7510006536877 20.6809985201806 23.5275648802701 25.2857681624247 26.2791058922048 25.5155404421913 23.8970034204385 23.6946244832739 25.5340357944692
12.2095302750173 19.317605553799 26.5051257276735 39.8163987460789 50.8825352281084 53.1769598868021 38.2840018528709 28.4669488122764 27.5637005369866 41.8980369924097 52.1454819710026 55.8952662782088 55.6817452627487 72.1206508388858 84.3744087555547 89.3810567743721 77.5509908379528 60.9448427623104 72.4728322562826 89.001636680277 97.0563748706955 93.1704522915062 74.2404416525591 60.6411648871016 51.1857002675824 46.514937054351 41.6338603276096 36.602150097346 32.5869745299919 29.5256400423892 25.6638905919396 21.5313284481726 17.7219170025595 20.551598131807 23.7190531775332 24.1472386394689 24.4073307941504 24.115284850812 22.7979854488365 25.4395594804093 27.3163660221994 28.6674954292477 29.1283157304781 27.5940787499708 26.2358562671728 27.8915430467919
14.2399584336678 19.4273489154897 23.415536983839 36.0647127977442 39.1466579428162 33.9804644905982 26.5605929181931 22.9361602787201 23.5251995837174 32.8224197952277 47.0750962557803 57.0978422623169 63.7536194475687 73.28170267986 81.3564336859768 85.7306795315499 67.3383079503271 50.0905661813222 59.7286637588684 74.6913686481111 83.4317649540452 98.7848559431177 86.0271944320321 68.7277172330698 56.9095177647765 49.7259060121198 45.1962771378656 39.5797963158587 36.8214287296387 32.2552126419179 27.1506741124169 23.461197435439 20.4357610357256 22.1944787202887 25.617010345005 27.1592099623637 27.7058407066301 27.4608551186144 27.1018450147986 27.0158966738221 30.591185637936 36.0016226390111 37.3029391656693 36.2756520158408 32.3594816527411 29.7702133386683
10.7202268895881 11.9594028305314 14.7266743323974 15.6970259887161 16.7112970257334 15.9422455289911 16.46138540576 17.1293375650842 20.0708095386419 26.9883796319617 39.1397118741523 56.6653890590882 64.6412306496325 71.5697871159964 80.4304850666798 82.9527923060034 62.7701280209162 41.4293446828912 41.3322458607014 48.6204112107991 70.4965074273833 90.5605406432319 93.8268790553519 74.8438626025111 61.1005573661893 50.4434636630148 45.9533094669751 43.8335374912963 40.7672419234009 35.716112950588 30.9179033796439 26.2937956467592 22.3047057739147 21.3935148623114 27.0388973795288 28.2943020237312 28.7572890369364 29.393798840917 28.2803193227461 29.068957447666 32.9536508028677 39.6243796242868 39.7878800632855 39.5349702326021 38.3125436835182 35.5034196166771
6.92976264837253 6.65076789309543 7.76132983631214 8.45517295819237 9.08299163330624 10.5574732437864 12.8143044415433 14.6316619218256 17.5610439950478 21.687522859521 25.6996912078995 38.0027489971532 61.8677013629926 70.5021003743382 79.1443807274916 83.3793451392204 68.6171944700452 40.8985335217024 33.2573902579846 35.8681476334373 40.9383816506457 63.6732199253711 81.277289852683 71.9197878975694 64.5498676819625 55.0607621617039 49.4719125502707 47.0891406650272 43.4398110437987 38.9312139190799 33.8177877816216 27.3353095397293 23.781926432688 25.2447197818822 26.7591173522877 29.3265047115441 28.6097721705631 28.8960197983939 29.1274484450334 29.5469561908257 33.3010630516456 39.9733276920609 39.7489021741933 38.6514230818474 38.4537936959167 37.7257934746964
2.9674276451966 3.61302042748835 4.54677090729504 6.41350492441861 8.43481125080626 9.62527605071401 11.3354150793803 13.2902657434342 17.6304331860116 29.7336175450938 30.3402183838477 47.2093080037586 63.2485514351792 68.1712277638522 74.7643099317538 74.4961420750569 70.000140100327 48.2931551883006 32.7859853688878 28.3844666359331 30.8054211342421 46.6125615770516 69.1257372087086 67.2298731385623 63.6019703632523 56.7126001198346 51.8927955759288 47.1988022124755 42.7858611372452 38.5702336544159 33.117727925553 28.2433529593814 26.6670364775314 28.572994076443 29.3704378163254 30.9858963640209 30.5743058421009 30.7872343899638 32.0164309590896 32.1194249639873 38.0380645746018 42.4712801562777 40.4316107079611 39.5243318325444 39.8174431694735 38.3552058653345
1.84288272077589 6.05292706166938 12.7811685803556 9.06948749122566 9.15306130637993 9.82480248165226 15.2954315350355 16.3711602696355 26.9836868618798 48.544266298243 51.301015120454 57.778536039613 63.2851116461686 67.8347492645137 68.3572614035778 64.6867908875082 65.9208568546322 49.3228945223098 31.7272221501767 25.4956269714597 26.4302072046237 36.8785622410556 57.8017921678376 61.1640804955161 57.3082822094601 53.5178785746995 50.1074620333158 45.3805054178343 40.9203808270086 35.1287017987387 30.6092402366164 29.2503964363913 29.4002179117344 31.4837910937241 32.1135359478763 32.4529946056663 32.8567053974425 33.7390928838198 35.6759136767055 36.9194601567943 44.3561073280879 44.0946881587379 41.0763693611327 41.1255179568298 42.004041566196 39.1712186111768
