Data/Ndorna_data/ndorna_hand.asc
NCOLS 241 
NROWS 241 
XLLCORNER -120.5 
YLLCORNER -120.5 
CELLSIZE 1 
NODATA_value -9999 
[rows 100 to 119 of 241, columns 0 to 45 of 241]
9.0766893737732 8.69521506698233 6.47433931739791 5.20802108138512 2.91053238775424 0.873566219721367 0.817623396160914 2.02936930408237 3.45839197965133 5.83588057327112 7.32920971793477 8.28465184227489 8.12221036980495 6.71740244482886 6.21324620773885 4.69126326477998 3.79582001281575 2.41367530038884 1.12203476520819 0.81033194085127 1.34244063685865 2.94596153517672 3.05699726837301 3.8961554214285 6.35926548710602 7.66895803523699 8.18133143005769 8.321066354265 8.84025394091279 7.61256259392907 6.39567097431343 3.14846404937704 1.65317143648964 2.7024511258732 0.753304146179131 0.487614890770154 2.07874232473565 2.36816706521366 3.87333977002903 8.60914490108573 10.7841121781953 13.7767522063056 16.3007371252793 18.6101614806134 20.6003815614421 22.0393956460252
4.12914989169713 3.07277004345398 1.59124980546632 2.07572345154982 2.06197075763709 3.53990880396401 4.86513918994985 6.81103192873139 7.05277066508607 9.96619872337536 10.7463717269146 11.4803137537007 9.93672519406018 9.4109806620381 8.44705763698061 7.94476940463826 6.83007568264562 5.35206559915154 3.55304119959918 1.24579027981537 0.495339479144623 0.853294002798659 1.13203668986722 1.1179942022256 3.33557676211569 4.78620075869932 6.09485612430783 6.96042724169658 7.57026605810712 6.26319537172533 4.79290190226474 2.28503562586407 0.95272578243464 0.923974887353637 0.417292589558003 0.979066796128904 2.91329831542038 3.18782588445454 5.80079154147909 6.82557193640279 9.66640307141051 13.1578236744605 14.7600289313907 16.8353153112451 18.1924516556076 19.9199609363676
1.34676018453653 2.10266638710352 4.37298352202625 5.2274757064933 4.06181812813278 5.723550809845 7.22071819317639 9.81663415658271 10.9743363439488 12.4150821511935 13.9127683300425 14.6900303689188 13.0155969997501 13.1494802027158 10.8726983956579 9.78525928180662 9.63916366369201 7.53140964550944 5.76004445027818 4.21675420172293 1.65156932168281 0.164911575013015 0.308267169800967 0.120004744897657 1.47777939828405 2.73930440181435 4.51699534913648 4.70988486288367 4.29158328515174 4.21929078199803 2.24671283186032 0.572471771366405 0.752019232418265 0.989940421427606 1.45691223325021 3.64907730839506 4.60823985167899 4.79870605743881 5.6618518900554 6.47678244516608 8.55818554665874 11.1600971086573 12.2776241387113 14.7427194757507 16.6723716739568 18.228713232
1.3670081639538 4.26315514300535 6.5586317214456 5.68122549008181 6.44960172564208 5.67250105978205 9.30325125262165 11.6962890152032 13.0853220491265 13.679489498001 14.3498998529832 16.145968233356 16.9219149554782 17.0162448655594 16.475092992517 14.0335606337714 12.3106228977823 9.52541280863525 8.94699422746118 8.84259080130398 4.42772862280774 2.14667905070767 0.382238509157986 0.236121050430261 1.04308155596995 2.61490606664845 3.6048770922529 2.83919984405299 2.03913724675794 2.1310690639687 0.2397421929633 0.228757896412471 0.0333838354156065 1.13144083006488 2.73090068644263 5.43369031662001 5.99070297919226 5.36732414853377 6.71032035340245 6.77886180734518 7.70786145185022 10.9984481759256 12.3931912767661 14.5235995565922 16.8728050104384 17.3661683831847
4.47365787865517 6.46405066721968 8.2971982851562 7.78971691104774 7.65424756433248 9.09454853964208 13.0036840997502 14.4864264318533 16.1665253361873 16.4805870876461 16.8492063505744 17.7320613049706 18.6699929232308 18.7274526927229 16.7050886319852 16.4690508038952 15.1746502417029 12.2272370859184 12.2321843801439 11.6326483685021 7.29212609120607 3.96473017424143 1.56888171640467 0.445233499996964 1.13702412667878 1.27829143867898 0.987921257459772 1.47995787058747 0.216519993029518 0.118761081256471 0.101476228081118 0.268740339958198 0.0344882696665885 1.35905681912899 3.00705547801606 6.65273115772661 7.53011632666071 8.1435831994438 8.36922590855142 8.08049212645068 10.1137343389159 11.5241496106532 12.6876501197622 13.1906422830983 16.178260924958 17.9925601913832
6.58831361164631 7.64968505937636 9.28343196651271 10.8985646858218 9.69715320517563 11.556273563423 15.830369042776 16.2781241699974 18.127919337545 18.7050126871163 19.0268110687379 18.5049518865986 20.1676507857869 19.7353296961381 18.4834070409356 18.4646123571484 17.8943149946872 15.9860880964156 15.2895212408639 12.1927755092471 9.65592980915508 6.89762039681042 4.43378928354042 3.12586488702333 1.09828742506227 1.03541226269663 0.751946985169891 0.133192385673107 0.45686801468864 0.526619616194625 0.65279885516457 0.249975502739683 0.541486694131335 2.08644084489848 4.10321899724884 6.1799663160086 7.93475400088138 9.63548054266936 9.79866884362101 11.3615485278586 13.1165928259888 13.1722746399395 13.2645323332732 14.1969242248196 15.8115711201379 18.0081080554149
8.9271262611132 9.37654437040263 10.8188100636627 13.1896869935569 11.7184470303328 14.5378189530458 18.1518951187381 20.0098000228495 19.8631340705491 19.482496058943 19.8969232197489 19.3877641146531 19.6977848667666 20.3701766591816 20.5483673357585 20.0439605099767 19.6179134064008 18.1737916068592 16.3259565401568 14.1012764559042 11.4308278392569 10.230711647505 9.02620701956681 7.5596099267954 4.16061058834578 1.20514322465219 0.292442470444861 0.02767335055598 0.146441990724431 0.185354233714302 0.285517668624804 0.0163687910917366 1.27420415472414 3.62712257338067 5.17064809399646 6.69579735224137 7.6709004386699 10.4475679534942 11.8776204501723 14.1908694350715 14.8585224316432 14.6915883560011 13.8836082510153 15.0605083932862 16.4008727655642 18.277093609893
9.43178088158925 11.0878181639958 13.3550148607832 14.0537718956585 15.0994146166887 17.9439217514712 21.4021538876032 22.9329451740926 21.8185545486354 22.5542374571056 21.0565220573089 21.0048727632156 20.3356879944089 22.7235519797205 21.604030665897 21.5032005270931 20.613192044291 19.0816186768961 18.2186562034299 15.0714962530366 14.1073709437494 13.767991747074 12.2164896766194 11.4636885304934 7.19370368982116 1.32032738982921 0.353253686730988 0.0900288310759121 0.0112835978073931 0.156060002210267 0.145509010127895 0.0733525482286719 1.95260851483196 4.44574607726823 7.56852565609998 9.68716156292399 10.6796849438139 12.1686272275225 13.3014446352975 15.827471750774 16.4715423674048 17.5910682579437 17.5983725424712 17.5120387094508 18.1116133055603 19.5197146556378
11.3897226221468 13.3568348037669 15.1829733819626 16.7953991272992 16.942799403093 18.2192194732264 21.804820442261 21.9522933214934 23.1495191807521 23.6105019725391 22.923004358277 22.7196652805919 23.103120372699 24.0379739229132 22.142169816078 21.9906551743834 20.9077667961769 19.5069308959182 18.9294979490773 16.9884410357651 16.3549039892586 14.627805844551 11.9875972626654 10.7363751117757 7.91475553009045 2.68103898252289 0.997516080283915 0.0806639161243797 0.473922598884975 0.541586152551302 0.995244433203029 0.721083153866298 2.32203103815754 5.2073065814973 7.92077110500263 10.654725249524 11.7223742381904 13.6235224609521 14.6693861725071 16.9782278220888 17.3645195076734 18.2908264126147 19.9198551628919 19.2828807950855 19.8458062053642 21.2053062440765
14.8683046129108 16.8325469546807 17.7670562152795 19.7758623306458 18.7175231136478 20.7375436383959 22.9376637839881 22.5120919275003 23.7361642957189 25.4225169783451 24.9363623460178 23.9565076068819 23.2737396801756 24.3672877758515 22.4246478991335 22.2765188395998 22.3119503938395 21.1234619243045 19.4641375801372 17.8138406772346 16.2759271905018 14.0788393055416 12.3957712410141 11.2189168508606 9.73683436012759 5.3588466092135 2.59475632498628 0.386975879864783 1.20860188273889 0.458753349842031 0.779891575439208 1.75502362168738 2.88360805824631 5.9430674816615 8.91264380395033 10.577627633811 12.1699398483969 13.7344131459503 15.2149083477265 17.560142982215 18.9927385676596 19.6975587415587 20.9512707246979 22.1647357076028 21.9356461716592 22.4730511385397
15.8733002374331 16.6059470832932 18.759002821314 20.5101939640513 18.8823192379868 22.221691109062 25.1615485941839 23.947894135176 23.9245713426373 25.6986047590173 25.6278663740499 24.6194495192418 24.5196278938167 23.558356554974 22.2479559894515 21.8426524425326 21.8422431799538 20.5428734591834 17.1876102398405 15.9790627101023 14.3530710851689 13.1862787094152 12.2620154384541 11.7326342560986 10.496023173603 5.5406005794484 2.30853333197832 1.62791292631617 1.8709880346505 1.23130410703282 1.94287073298454 4.52937763325993 6.15299387039413 7.36652378486419 9.26796618336251 10.8285888298171 12.6345986818527 14.3353981553297 16.2216326115115 18.2568610983821 20.7334137591916 21.6682177937734 22.9043828970906 23.4301492272643 22.681268439422 23.4238648938747
18.9625127700421 17.4197326327089 18.809184534138 19.7475742983228 18.5619666277684 21.8311705050882 25.6862299377236 25.1742070479186 25.333616658107 26.441833517119 25.3053247386139 24.2846334186242 24.3503065229704 24.3543026419383 22.4462756416027 21.6249116882889 20.329630734064 18.0316460813419 16.471836500161 15.2004727787997 13.7736877414738 11.6648483127307 10.4300245674361 11.1936993874209 8.8448125066501 4.33260142097831 2.38598905426311 4.29390662242598 1.21238299828534 1.47863547101577 2.92512803025543 4.6152219130875 6.45755557887691 10.3317808134048 9.32375389782131 10.0910099849162 12.4013659555287 16.0970330859384 17.8834751735708 19.1526007029279 21.1339690029301 23.3886833564632 23.9218347708652 24.3965195058549 25.0257048720979 25.538584106605
21.4057194515895 20.5061770676866 19.5395772819929 19.4868902008532 20.1285887019059 24.6055110900942 25.4288449940009 25.7727537394769 25.4086163066052 26.3408246234148 25.0623646154427 24.651301252277 24.5622682752309 23.5205789164502 22.5077592628488 20.8757011514815 18.8658561785535 16.153755367296 15.5417185404937 14.4273189156373 12.3572248423464 10.525338161801 9.54496335182583 7.39707408987091 6.00225512973943 4.24673464296198 3.24972639411879 1.90297411192132 0.13410533850623 0.59686628895565 1.76736626898782 3.49532608076104 6.04556559809637 8.0828176261396 10.3926078333104 10.7767923673131 13.3134076139962 16.8686562688229 17.8794316732391 18.9596571806124 20.4621320250008 23.1805553024361 25.5652604298527 24.2154926715441 25.2092048128023 25.4621328291989
21.8793650268808 21.8709023355799 21.253964065259 19.6045090343682 20.822951481663 22.8450318569943 25.065623611622 24.9809337942027 25.1293871138138 25.5935838986985 24.8485714095174 24.4228950454574 25.4941831860524 24.530137131457 22.5658141684295 20.0839072012957 17.6704552995927 15.7729421341139 15.136327137439 12.7141131282218 11.0210036487173 9.31544251624196 8.67603145253124 5.52331495689398 4.25907260325088 3.564375960804 3.60574107450492 1.30930968300042 0.809650776182173 1.14064618936938 2.62481403290807 3.70222919478396 4.51118973415501 8.4757015775052 10.0553135878736 10.134370138546 12.1613930992204 15.1169081409848 17.9830884819668 18.6490080174646 19.9050350121875 21.9770571956145 24.4058214371465 23.0728585858197 24.7329411459161 25.0943466376627
21.6026923597575 21.612268722106 21.9732350278538 20.7170920009113 21.7999826057623 22.0677148900587 24.139001785524 25.2391980297247 23.866725853892 23.6684262101042 23.6440752820179 23.5752431745725 25.3726985388484 24.414583032042 24.1431550853229 21.8009172417692 20.3067691607327 17.9100886972232 15.1934575155352 12.7403055591076 11.345100108437 8.78770131837349 7.73914987565027 6.20250345423392 4.80683018954286 4.45613853312412 3.8485750149879 1.72861397612816 0.407649722137006 1.59182052086814 3.87685334044933 6.04716809435121 6.85653498387599 7.74122373534874 8.34267463257394 9.02482852496941 10.8797982511466 13.5670931146124 16.9598081943298 18.0409143386594 19.4446408124684 21.4466941436912 22.1808242213817 22.3466648476103 23.384111960346 23.898532508129
21.1291432657932 21.7878836048486 22.3771401037621 21.7349348156681 21.6891893579095 20.959872844905 20.9824254692829 23.1604175299008 22.6763901875781 23.4477426029959 22.5058663508351 23.3861174181664 25.7252376308897 23.3738905586542 22.6198719980579 21.36237778574 20.567543817809 19.3450232571383 16.6400522190931 12.79194058567 11.7174686326857 9.32810420023375 8.48960638035781 7.61252862226931 5.72078472312062 3.67759733740808 2.26269244453643 0.81291424695582 1.56001160664735 0.667327755920883 1.74635318832243 3.04810998099098 4.42281552907733 5.32214808831763 7.01639587204071 9.26819286355904 13.0236851124256 14.1694761885522 15.1584025500025 16.1997605917898 17.2886477665298 19.4922453927798 20.4062571888864 21.8789521391428 22.345120880083 23.3355939854508
20.1010677335635 20.1186897544671 21.5421000045264 22.0653548113703 19.4220425755718 18.5614051627241 18.8715062397222 21.6998954544525 21.9425975437794 21.5356124742957 22.7488398766518 24.7754024583898 26.7408872729784 24.3176451229911 24.2486639100192 23.1426840135319 20.5951272045758 18.6792626391113 17.4603990518046 14.1039566198851 12.5753728713892 11.3682242399616 10.7098344048435 8.82897764833271 6.10582371807919 3.60698762889867 2.25733353550031 0.681460592338593 0.625184201464513 0.628753700438158 1.00755045202684 1.10974220927907 3.74329476192058 5.04362886183732 5.91378693747553 6.87438882498028 10.4114419073405 12.6059325346718 14.2830595450892 14.0328682603301 15.8991008823477 17.043945543857 19.3451700199156 20.8727089139809 22.4985204469599 23.6332523808104
17.3884256769625 17.8986408993403 18.4379227263783 18.8249276436977 17.41581128699 17.3235938641425 18.8423424331719 21.1487420662592 20.2733835051103 22.1667593822735 24.0458568329858 26.2776948159581 26.4267846526797 25.1634329285994 23.9759698414413 22.95694383819 21.5252147430216 19.6808862757708 18.2119116759673 15.5875185374274 13.9626455586872 12.1115822346372 8.50531976695155 4.94292964856098 4.20942749597753 1.65668312599895 0.798579555257425 0.461212049482463 0.438953522385981 0.775491096217039 1.9064055079173 3.48555585558842 5.24012891043688 6.67046432848263 7.7568999569919 8.57796145182731 10.147517756192 10.8756421674319 12.3907801177925 12.1813197746699 13.4883771009657 14.6966394383081 15.9510383541663 19.5435137640211 22.9682628893748 24.3044922632141
15.7520346072904 16.1076386506016 16.2864885823745 16.301403180604 14.5355325159042 14.9037963890472 17.4081395233936 20.9177745651521 20.9639339083451 22.6430759709143 22.6125337312274 23.3426428758035 25.6907677038663 25.0952391765124 24.2595222537449 23.1643729764074 22.2073795136158 21.8304204405426 20.2650918376186 16.2605879669578 13.6590260841466 10.5382728383196 8.07102510992301 3.24881062244297 1.0234752251486 0.433253100907396 0.134469625307532 0.245235528248314 1.11555057626717 1.6668713635212 3.30602532173936 5.87757789653999 7.7321606461468 9.82156212753609 10.3700212185193 10.5990149631604 12.5998481434912 14.0739427468099 13.6464081347474 12.9326464918616 12.9107654868777 13.3928868679864 16.3844618513993 20.2833947257895 22.5467543811694 24.2480326865336
14.6726831266517 15.1121486104952 14.6286439852618 14.9978448567459 13.2888336127276 13.6495938204228 16.7958907863242 19.7479988809776 19.9330465017981 20.8665263351739 21.3299733534605 22.1270054712353 22.8533551182505 22.6700140550245 24.3750221860168 23.442457359631 22.9333086109484 21.1256977455094 18.2302525006529 13.5336211102633 10.5132452144749 8.26916841058482 8.26325245917905 4.5315333852848 2.47443416045381 1.24965951526042 0.262447198798186 0.123273061157157 0.548769239732767 1.06927693100484 3.9796737501442 6.54821799361186 10.3432494010502 13.1918794722154 13.4224789540918 12.9671436173895 14.1956373646136 14.5454209106172 15.7257912276495 15.947239139938 16.3886619755739 16.4167527298635 20.1297833424819 22.3564455533304 22.8407731307257 23.1706684206943
