Data/Ndorna_data/ndorna_hand.asc
NCOLS 241 
NROWS 241 
XLLCORNER -120.5 
YLLCORNER -120.5 
CELLSIZE 1 
NODATA_value -9999 
[rows 140 to 159 of 241, columns 46 to 91 of 241]
1.48226936955984 0.2618597409533 0.0817735688321676 0.146462795177263 0.26518554880482 0.548414568702633 0.774858998095726 0.404905474738308 1.86968384686886 5.26785158970229 8.59662186509249 11.744121117132 13.5265344019935 13.5314330859316 12.8754041711596 10.2127967257292 10.7948842676094 10.9854237643814 9.1779474294191 8.54418788915732 5.3672293070959 4.52368487529574 6.57043169351672 9.1611223118486 8.55800343740098 8.28113024680851 8.84981467027025 10.1583852491516 11.8299920763815 11.2448928613619 8.22567352679901 6.62425673232807 2.66556285203134 1.46906068186425 3.36874684907015 8.5132288128296 11.3593272565163 11.51890049298 12.7819343230585 14.7479343634265 17.0220619651583 20.0913517472428 19.4822347659579 18.7267317695757 19.196586327398 18.3667432353002
1.09206662538659 1.66696785128209 1.85200680908431 1.09773441910928 1.08275982488357 0.859969806626474 3.47758796973487 1.09942521286221 3.7599663457684 8.62311663367572 11.7515816742523 13.3342482495616 14.7083675857541 15.5804674065897 15.0048438625671 14.6004110877143 15.5512886160177 13.4642745683148 11.7149669243063 9.50634671470613 7.12652531542695 7.92234613889123 11.0084688600665 11.5061671902663 11.3454416916928 10.119327456715 13.1508833826781 12.215786183721 13.5117847313029 9.88697879450703 4.30556750400872 2.898234252666 2.59645903864298 1.5355359024858 2.81665084658763 7.66585676351509 10.2931997757448 11.6839891792766 13.2187022976904 15.2075240689631 18.8888725211935 21.0531855061731 21.0201928056103 19.9265466411434 19.7697120402625 19.3308425264607
0.639714086182747 2.05274254283053 2.89345829643642 2.21276636078756 0.827504057735075 0.781342844907209 2.27576493484556 3.37356993192991 6.26450003055531 8.84766681177712 13.1215681034053 14.3441983852821 16.4779782465707 17.1469526420471 17.2135279822131 16.662000409001 16.9916379673549 14.2779444093765 13.1454258667702 12.3638496105955 10.7157627111385 11.3142162807821 13.5961148092362 13.8256117797901 12.6194961722954 12.4947607910413 14.6633073184012 14.7143001138664 12.4121093563807 8.51387032750158 3.89003422052671 1.93977446946692 0.478068221679736 1.04292123923843 2.9749079838117 5.35559726985656 8.00094693245404 9.32558804316347 13.1642274048087 15.7044570443946 19.2755713467943 19.4968770039462 20.8959233434851 21.9616259559175 22.085443053771 22.8684638711181
1.28907044070713 1.90518453093303 3.60697378185359 3.57197327378241 2.66763721315831 2.82027544279859 2.36511710683471 1.117681418037 3.6130679770537 8.76914104404444 12.6836520716151 15.3850047741179 16.7277748222321 16.4776841766533 15.8432356725474 13.8204042179336 14.3611294483222 15.9783481051741 14.1140709092238 13.3051856561306 13.8106961482538 14.676853940005 14.9503034950729 14.7996938091849 15.33617478436 16.6689364050315 18.1223573144961 15.4689158566327 11.8531673632959 8.37193255845178 5.03867422364646 2.51395690985222 0.56904599129533 1.23552333713756 2.99764399017992 7.32083500012114 10.1975207099041 10.0162439225209 13.1111972752398 16.086812231725 18.2457007083448 17.527092583323 19.6451436836591 20.8667230881575 22.5306383325902 24.6557870852128
4.62247136677108 6.59747421108004 7.79602235152163 6.7366203999935 5.15200420330249 4.18705299072024 3.52157272546479 0.909547673228227 2.87597619011923 6.47764276824648 8.49002249171651 9.63282535162789 10.1866272186305 11.2991706249645 11.1268744609505 11.1129359804667 14.5978920679307 17.5407296965408 16.4394538085455 16.7498141499469 16.9575232151934 16.4471982128329 16.8809524550884 17.2758277605547 18.0611278359543 19.1747884887988 19.3153533703707 13.8260071868266 11.4185742161347 8.68367930003765 5.27020783968271 2.7679487696308 1.2648236462745 0.647717417197432 3.19432896426946 7.50062539516318 10.0665058952958 10.9205580937708 12.6877125948644 14.2144793319683 16.8577732218206 18.1404452346942 21.2230229574322 22.6885490233213 23.7318527045401 25.3821751740034
7.10574517601646 9.33025306283179 11.1691004905944 10.4446052294708 9.26766036041361 7.31497431300757 7.59690079679126 1.18115036455279 2.62295434479064 4.70224927407405 5.30078623470442 7.07496245189813 7.37640986350238 8.80773892867744 10.6713720633304 11.4051988929091 13.4561273914994 16.2254587043666 18.8356090841279 18.7336213767078 18.9362474426963 19.0866798149905 18.6748998909196 19.5178484053064 20.552137390702 20.6590934862521 17.0456830480161 12.909795905182 9.1136642502049 6.88798980995184 3.77649346039264 2.63858676269816 2.43477880199671 3.54086512047572 5.30796814145322 7.6612265751319 9.32501873189724 12.872671237069 14.4208383152381 14.886721329778 17.9248576380591 21.0161898078608 22.0910251649922 23.4482853407408 24.3230684149466 26.0348654690718
9.7524364389902 11.5355104592563 13.7091168267977 13.9737806577105 13.4877435194998 11.4962185671465 9.15176858668203 2.28017619676963 2.26761675057443 5.77063308633086 6.82779382934196 9.13846136648002 7.81541687638878 8.98860635139965 11.6816817423671 14.0172252180009 14.241002488975 18.0548698972579 21.0924073544721 20.5787864218781 20.2202443053934 19.1956751693087 19.8334102537134 20.7755345855627 19.6018790086237 15.3177498841509 13.8295781434196 11.3027354195937 7.18368387003652 4.5924012594947 3.52825842115306 5.0287671107775 3.20826364030156 5.06869176677116 7.02078566352354 9.51304149419979 11.9888900194872 15.8801552217581 18.4399154402705 19.9046738400861 20.3900196122777 21.6608878944408 23.1728603664523 23.5528374676808 23.859062631604 26.8496476948981
11.2737927055701 12.3729057173126 13.6348069183892 14.8416267035246 13.9287133115674 11.3248575550005 10.9204265068919 4.10656500403881 3.38558065507672 4.0172093355146 7.3548116218109 9.62597998520274 10.0324640285343 11.8143253965284 12.1522976254493 13.5120937827581 15.5138625101364 16.9512710238995 21.306883121533 23.539448789112 22.948612552643 22.3450801918405 23.3448885835609 24.9155568652396 21.3236597949424 15.8757702914256 13.7268193006172 11.955090658368 9.4183344995337 7.75163094802091 5.38620636506445 3.94307245015167 3.90600270112275 5.9224732154575 8.54129748433633 11.5091653781313 13.1067434828248 16.5681348822558 20.5483698679374 21.3476795940882 22.3893087545857 23.3072841182636 24.7430655539508 25.1278389870187 24.8914297357495 25.7628972831815
13.932633170641 14.9384927035731 16.2168334989949 15.9172904081752 15.5495511119576 14.1011923411168 11.3396591989956 6.81669493159811 5.24744352150245 5.43774408121928 7.19851685978965 8.66696311024734 10.8970417867457 12.6369514195349 13.2216033622843 13.9994315240802 16.3817257840483 16.9506136023823 19.0191044176173 23.2300324715717 25.2886573650981 26.2085083587983 25.6908016979194 25.4219473154666 21.5645239704627 17.5092107074292 15.9255710187948 13.3135338498277 11.8097470186493 9.39506208530746 6.85815185774208 5.58454104533431 4.29748246127572 8.08246153102824 11.1183534614985 12.7383461650381 15.4536191381108 18.8080173584694 20.7199256765764 23.3506167847967 24.7752731095145 24.9159058948492 26.2389884560555 26.3175582270188 26.8028829102632 27.6866149580649
14.4892904926458 16.8685297184496 17.6841334872526 16.6345986508708 15.7721276756598 14.6662323991769 9.38635175176919 7.28733101581777 7.14834711058679 7.25625795157815 7.26141157105474 9.36106605759894 12.3504435786656 12.7501896658362 13.0694243329729 14.274185082158 16.9972885881513 18.1823606265649 19.5370266864683 23.6605063658436 26.8803147769036 24.4799110392344 22.2947042835497 22.826035755432 21.7608137053527 20.2466197841554 16.9362322542145 15.4549917359817 13.3867322400857 9.8323926079017 6.45590455686334 5.72577360312738 7.24630353764624 10.7545901925674 12.9689848200856 14.3539643059891 17.0098748328165 19.4448367731496 21.345291467025 22.9622665917917 25.4342286089896 27.2011074947207 27.0714707146348 27.3838587788512 28.6266675750676 28.7719269550063
18.582732959644 18.2674762911643 18.9464857706856 17.07050541555 11.5399330426557 9.74160820738024 10.2387010595502 9.47811804905423 9.37680138030268 8.46669612695674 7.20525710771126 8.85514919440975 12.1777264037796 12.7859076202196 13.9583628020928 15.6646758831489 17.7284450284248 20.8698165502388 21.3265971478076 23.9496132439387 25.9038002316366 25.1678433660941 20.868370446988 19.9388140578626 19.9002216113612 19.5761348883594 18.2841585043524 15.2524734026135 13.325013714242 10.0275502047229 5.79014580690678 7.29658279920864 9.18121217798275 11.1857809348293 12.9265191064011 16.2104788668416 18.1227386442755 20.7053276521777 22.318807352185 23.547624085712 23.9290649270126 26.5827068984082 27.8113759513151 27.7186097665494 29.042693668229 29.5353857978754
21.6013490839891 20.6259810644534 20.9405090302616 16.6550247146325 12.2970890546592 12.7905259307235 11.548290326117 12.0930615538612 10.545611240055 10.9056393328726 8.94495301662314 8.98845536831241 11.4265883569281 12.1160010635371 13.9063585280082 15.7001709502423 17.2857448068149 20.4069577934196 20.4360071071456 21.1986630353204 22.8994197595012 21.8371361243065 22.5028418509367 21.9910450251746 20.3818339535732 19.0715030790827 17.798692010585 15.6329183195388 12.1472317396393 10.5101733478653 9.09988980655566 9.58535970323142 10.3540476723063 12.5886079665611 14.3528833561287 16.8725446062026 20.0674954485126 21.3133789783038 23.0120674238256 23.6010043599484 24.3476949613461 25.4713196883546 27.2971508640189 28.2634529284487 28.4694378925742 29.3166179077228
23.467165356261 23.5443203019663 23.2228951251524 20.0179662628165 16.2463773065386 16.3274602885034 15.1929579148776 13.6378933471531 12.7445576451445 12.2673101430038 10.1590764147193 9.28507514759189 10.9437324695225 13.3679723416663 15.0933934978336 17.2358771653468 17.7215287659524 19.1060735541623 19.8364928104569 21.3546334926498 22.8735936408257 23.1246535494175 23.6394534332224 22.2399304873442 20.7512083583951 19.7708145377488 18.6636527279017 17.3209416048655 15.4603822298488 14.2840746373983 13.5475663707397 11.2575278002917 10.3852107153382 13.632769838232 16.8290768946699 18.3266264076679 20.681385550872 21.8318552577035 22.9966004302499 24.0534663552443 24.5636250198548 24.5469356262879 25.0938292694469 26.6576174742372 27.9622552676779 28.0971793455999
24.5820200117162 24.8635283291878 25.5705459129116 22.513941716375 18.5637530462709 18.5663605581777 16.4840633982788 15.2954391812106 13.918862193414 13.180016918305 13.1520076697429 12.72520444171 11.7430050183087 12.9752524031892 14.9853927366038 16.899650969934 18.4107910990378 19.0717741983298 20.7299256419173 21.9525862932844 23.1079059918053 23.7061944640902 23.3048188364333 22.0914571219439 21.1037559750968 20.4806933466141 20.4613528634841 19.735574011055 18.7438359191494 17.6087290239993 16.1530790369722 13.7259205903621 11.5159337361515 13.9573418064032 18.1316829493104 20.7182733741249 21.7033762475336 22.72423830361 24.2728198540834 25.1100950780509 25.1839993067709 25.4691374971856 25.6820337742753 26.8626548678719 27.2914467239575 27.5531778374934
26.0565891070691 26.4814819816813 27.5815591871163 25.5435396050591 21.4177167090452 19.7094687594148 18.3773807200745 16.5444717628662 14.8941329410638 14.7245188530803 16.0703489203746 14.6453880265268 13.4655220087829 14.3827008759809 15.445581514006 17.4746132084854 18.9920847703632 19.4650658636362 20.4415713829237 21.1010220729507 22.6740400408559 22.6980162747607 22.2837978357014 21.9905453035968 21.3931036481591 21.2827490122197 21.3171161807191 22.141128340078 21.5116169205361 20.4733350819816 18.8791896285936 15.9991041963284 13.1326732792413 14.3047200727246 18.4905389579797 21.2941166895388 22.4856165354795 24.0166701227692 25.1871726028395 26.143455119423 26.2853656221399 27.7629009293103 27.0007977281903 27.3049804514347 27.4772844717083 27.0662070938353
28.3005544226113 29.0137247324159 30.7346895406705 30.0867340314789 24.9055705887416 20.8906903526442 19.7727983410028 18.1585666678318 17.0959691666342 16.4525210104604 16.5310161132109 16.9624960509035 16.1789403174813 15.8813004061159 16.2667840203509 17.8378374326223 19.2602374728917 20.4859621690303 21.4092892576613 22.2710724976127 22.6370724055561 21.6034038210294 23.5737506769812 23.7554578619713 22.8436098943727 21.9814843610975 22.9834036936842 21.2699038761144 21.3649752023151 21.391871374361 20.6860240501918 18.092062335138 16.1955659565882 16.9357076777499 20.0605300078932 22.3878501716043 23.5216646260065 23.9676954164085 25.5594991324274 26.2454188105259 27.8892035509059 27.7078109797141 27.6627955177665 27.648823416204 27.3824396570612 27.3905834798984
29.2866752313255 29.9147903175617 30.9233786408995 29.5287596213945 24.5220491215131 22.0360365774205 21.979497535704 20.9342130892726 19.5331911061576 18.2516572030109 17.6524757937481 17.5535195314746 17.9804577473966 17.5567279717683 17.8610456216307 18.1161245390172 19.6328162887998 21.5119561024706 22.0940070611038 23.099891992158 23.9206143465549 23.0572567495493 24.0262418135942 24.5077218587264 24.4029395486333 23.5012656589911 23.0763738214641 22.2736765616452 22.5285516207817 22.7773145724739 21.3058672735179 19.235473399429 19.1452540629982 19.4590552844259 20.6120998963637 22.8849948968182 23.6715261522418 24.5548058929999 26.3690888717967 26.9128048073438 27.5941645721614 27.9353694426833 27.6332840601334 27.6510555055543 27.5521662229252 28.2819184899909
28.2826861225373 28.6977286108292 29.4590272727606 29.9186149940335 26.2980255641067 23.7421130147322 23.0043229152453 22.1295196632554 21.5073994410254 20.0275389185354 18.4348220995246 18.7253332439183 18.1502606942551 18.1253825723751 19.0851907091029 18.9158929273541 21.1220605028843 22.1476082991435 22.9089291577789 23.9075732859775 24.7335577713124 24.9260441744575 24.7071396613393 24.4311669653578 23.8720380827106 24.0392598670227 23.7924189596889 23.5082988137982 23.005138458188 23.5414424654491 22.3267965521535 21.208153059487 21.6581765544024 22.089529381246 21.6483891225894 22.4698671055618 24.3852360002221 24.5554438307356 26.338822004504 27.1422438777687 27.7485678794073 27.6546892246177 27.4034202561953 27.7390571786226 25.7974291675921 26.5767682600673
28.443059002324 28.6915980889186 29.6632900893499 30.2733050602212 31.4160137895267 30.6563279310763 25.8844508557973 23.2372284451448 23.2422429522265 22.1641227337593 21.0351155794701 19.5997394036139 19.5303271458601 18.6555900214662 20.0073476604333 20.834877871646 21.2203422597611 23.2744808103026 23.444157203659 23.8118211314094 24.5163972365994 25.786204259893 25.3415125634855 24.9224597718586 24.6020336213738 24.152689047039 24.0371699214291 23.3491356156573 23.2189768690538 24.4236130160175 23.9233191585262 23.5399457663719 23.6145846140499 23.0437191948227 22.1971043744576 22.8157734401181 24.4601382277362 24.8655297406444 26.2198052716618 27.6830530442714 27.6381143056512 27.1845349461133 27.5538892209773 27.5148254556108 25.1350409935721 23.9999879994241
28.7733423498479 30.7602195845274 31.0926149995676 31.7860947202665 32.5043543910182 32.8641469323596 32.8318208403514 24.0960759745429 23.1062577541897 23.69275565966 22.7640064749653 22.3406537140597 21.2754345608536 21.1455292599258 21.2495076150328 21.3112584619305 24.0664176245464 24.2655080642726 24.4753383399091 24.7693063791169 25.1984032428292 25.1747875947066 26.1703629742214 26.4548948573496 25.7152166490014 24.9784756979718 24.7440992632403 23.9055321501923 23.2995651879488 23.1095859951941 21.6712890235087 20.0807347352599 24.8265105777112 24.8331912398101 23.829825602796 23.731101345701 24.4844299319274 27.1605512937638 27.691285390207 27.6285842435189 28.0045701916207 27.23350966479 27.0499743894145 26.1106145970972 22.9297284680874 22.2425758832653
