Data/Ndorna_data/ndorna_hand.asc
NCOLS 241 
NROWS 241 
XLLCORNER -120.5 
YLLCORNER -120.5 
CELLSIZE 1 
NODATA_value -9999 
[rows 0 to 19 of 241, columns 138 to 183 of 241]
15.1189079732295 14.9639877458814 15.2651845322938 15.5818079876199 15.8502750256402 15.8013104494526 13.9148315811834 13.4757654544928 13.6297231167258 13.8668036300455 13.2081700226202 12.9256142251329 12.2019215857161 12.2546194321157 11.5083722447012 11.9546363860938 10.3854050457042 11.8366856900273 12.1832708712445 12.0391370758761 11.5306480170847 11.7191072463353 11.9180275686372 11.9564710079293 15.0138358928759 17.2538568923906 17.4980980666158 17.4305196358302 18.0313093392585 17.769921683078 17.8639837773235 16.387664400693 16.5797014749912 17.6573357457873 17.605674479818 17.4984348930727 18.6476177389247 18.2660865719593 18.4675538778839 18.2916337435721 18.6291864129252 18.5059122291989 19.1008092876342 10.3941190106639 8.30574644199221 4.97843846840951
15.5884698348976 15.2863661742134 15.7693960524803 16.1688773677443 16.0695178176161 16.401487626515 14.4992054664504 14.5091983085991 14.0527728056171 13.9671309761431 14.149044631686 14.61733907416 12.5307780559716 12.413040171408 12.2550581950738 11.5420265514958 11.7030320402812 12.1373378994316 11.6962605730467 11.699139049668 11.8043565128506 12.4567686926176 12.3160262439966 12.7815613581901 15.8824072269664 16.8454134636429 16.2798657305374 14.4998723709509 15.1649282610432 15.4908149333379 17.3848849241211 17.5829199075569 18.3098829094547 18.5605937265841 18.6253749893861 18.611240370753 18.3678185248549 18.8496777102123 18.4339303179553 18.4959239816194 18.8442203891014 19.2815376787721 18.9138803294999 10.0585522860211 3.291309770918 3.51495648846331
15.4144950450778 15.8286859122523 15.4434721854173 16.9354628431866 17.6650952109367 16.462399441671 15.4862034046467 15.3758472765495 15.4196920727916 15.4762741841611 15.8391386335642 14.8131680045338 14.6880674873554 13.0844221426835 13.1011641765284 12.8316070360534 11.9434974835366 12.2003188167239 11.7480526657938 12.4464309532224 12.618492896209 12.7056694847052 12.1366488599135 12.4531266795636 13.7322903785426 13.613582795259 13.7321805078234 13.0462407106638 13.6336612255019 12.8093836420097 15.143629033799 17.8218749210956 18.5569312570298 18.3224022404519 18.5494313135051 18.3976143059858 19.4672954252466 19.7739681191247 19.1092899369978 19.2335512297782 16.9120232106749 14.2131231339931 8.4347436399896 5.68214209366673 2.68020944022833 2.69579799360328
15.9478460774974 15.5103770480715 15.0101172949671 15.9829970433109 17.4090675457439 16.9556648588033 16.7818309566519 16.3681689361689 15.5650131562518 15.6370744264766 15.4679097541741 14.8049955960325 16.9034204510684 13.6811013369529 12.7665819490359 12.8232536404932 11.9903156415501 13.4720731971244 13.4239883452657 13.3204663370493 12.7366350533225 12.3225182433404 12.7818336100604 12.329280923317 12.2297465743038 12.7248823374777 12.9570546148871 12.5413659562134 12.9395803520745 12.2767494133607 12.5517844369399 14.2476245477243 16.1892732007647 18.3074758301443 19.6764487570278 19.7478545253315 18.5080747484288 18.9093740240397 18.7960728709942 16.153392477883 6.95122124900359 2.55441947100355 2.12269052703245 2.16155528455592 2.65338818788049 2.46914670264478
15.5878501393652 16.1939130936323 15.5262451810275 15.3619749596894 16.0834500262755 18.1503393113135 14.4470047743531 12.6769065820616 10.7507113459563 11.4984659138845 14.3831158728768 14.0926746508019 14.4913892996829 15.0108409133368 14.220170311208 13.4885621489712 13.944633114403 14.3383704403483 13.6208761350322 13.2688755023594 12.4646793212531 13.0659845089097 12.4956698921938 12.087584555132 12.1437788827296 12.492001695867 12.7421578179797 12.4410683746893 12.7356487621041 11.6322740009218 10.2183439952964 11.2253557662654 13.2315298870224 14.3836642711689 9.05743221874194 13.8608147353286 17.7065719370059 11.9569751156081 6.55557139915088 3.39920300609438 2.02710287066763 1.392892668444 2.29444971179601 2.24410082566326 2.30197315650039 3.78106823657769
15.7441334381064 16.3519795790845 15.7339381316481 15.5081020335231 15.7925111003423 17.0359851953678 13.5930921573445 11.3765555593954 10.3145109499226 10.1738205584177 12.6799254117208 12.1846477593474 14.859339022733 14.3140348305013 14.0814381429774 14.2296374567269 13.5924333454611 13.9478189848178 13.8822952112892 14.3545418774764 12.9933250406904 12.2692186611328 13.0622876067005 12.2422726552339 12.2212821203576 12.3910947692946 12.5804913566736 12.3054006941092 11.2174521866065 4.89943743072706 1.47330758015365 2.73824206160733 5.31134706725675 4.1558236061298 1.68747090504407 6.3446657802039 7.63115881266699 4.64222892011254 1.82882487214063 1.76172656295947 1.62376663871648 2.00253302606637 2.59927152470716 2.37305124464594 2.31571246578906 4.48595994985991
15.8827770277171 15.5921214274356 15.7468254869784 15.6711875403217 16.3609056281763 14.518628555429 11.1479161476587 10.1711643164458 9.77211765266232 9.68373403088176 10.0964801367581 9.6775350086212 12.1728811893559 13.3366004506374 13.9832059229767 13.8746931161765 13.3818889711562 14.800916158732 14.3710072245766 14.7443787644718 13.8125915667071 12.4775556214187 12.8822810994231 12.30718525719 12.1404709143459 12.1288060351626 12.9612622611592 12.4325218599128 8.82225491485969 0.736310027118878 0.297833871968432 0.742718583253799 2.29712807292037 2.05066323817228 1.53215662264727 1.80022068456998 3.08392862647623 4.07349590883635 3.00124062823016 1.676849931847 2.06998187938319 1.73436171986924 2.21502364095684 2.18297475872326 2.18561406996144 2.78700390725441
15.3735324590659 12.6981098282034 10.4335231706358 13.010114955724 13.5942376795658 12.116089732777 10.8428242043473 9.27138493244097 9.31686516433464 9.8316638679003 9.5901425806652 9.28390148738342 10.1507176801203 9.47800257146466 11.8223349274468 11.4646726645387 13.6941437749022 14.4203977596011 14.5307762868594 14.0250707640409 13.5824227429092 13.7600766856527 13.0713925242309 9.91036316718626 10.6241216885789 4.72915222953993 2.71294780848377 2.70398329381135 1.87410747515693 0.242412179038925 0.307391468215652 0.50312207543978 1.93206821596232 2.37103964711131 1.4078810893388 1.17237232055189 2.92422852492297 3.161396804045 2.58752975652407 2.43693155478988 3.06764545251396 1.2216107621723 2.00955268076699 2.19890338718833 2.21407301667534 2.50745005958548
10.6167843405914 10.3818354775126 9.27795832327072 9.45116820868534 10.4692728110902 11.232586073961 10.6924323710383 9.24095997443463 9.47412299292111 9.94685308994102 9.61607308635764 10.4933335713178 10.3036301387278 8.23694072828261 8.29999438858981 8.60445538140699 12.3930004442272 13.5876183025991 13.5681580941948 13.778428365797 12.6715839956165 11.1715860630294 1.98324424791938 1.01813814201981 1.70706773504212 0.567931128449172 0.0431518913470985 0.304429059098317 0.0525611669846067 0.229468715433493 0.170380362227432 0.118019530580255 1.48359729144491 2.0664134385834 1.4925337796362 1.51392382314311 1.2780252091223 3.7026294304467 3.08655289561803 2.90649774980225 1.98499252427757 1.44278889697937 1.87554822583701 2.38932947842687 2.48692408209126 3.31857499988227
10.7676533607821 10.6782088962467 9.95811872859471 9.99293129771607 10.7530718972079 11.0020114112995 10.7787770605783 10.3294617874678 9.76968289128397 9.23592503227033 9.43886670858791 10.2783932293168 8.3369427748324 8.36008894941502 8.23645556791847 8.28192607443621 11.3232048094796 13.7545152625721 11.4923122648894 10.0930090222138 7.20212779279799 3.717542468478 0.40077340276525 0.705779708953131 0.107256912843841 0.10156234524115 0.303462282760444 0.222189480924829 0.13519996284394 0.276566536111884 0.175765620186586 0.473401213769763 0.527099812373168 0.466143731279638 0.907448277691177 1.54039438823446 2.16709622588207 3.11413154690931 4.80775471671875 3.74425820243242 2.19548151532406 1.29743947976821 2.14733486248719 2.6331607384974 3.53243378363615 2.90401949618319
10.6541119221073 9.91646607377883 9.4040517528186 9.02745648408636 9.64348065867499 10.2547409359677 9.6215628322047 9.58444032655235 9.71191367409196 9.71900845328442 9.2648579014952 9.20431750101925 8.22700269165203 8.33151349934213 8.11628565372058 8.60659754786098 9.88939146983039 7.52440151792886 4.32729329094499 3.0280991393049 1.3380202183755 0.488173967369103 0.506194515520198 0.685426887964173 0.234839473603727 0.620183962640929 0.3106700382104 0.28930776721484 0.224422863690282 0.480417269618224 0.437525735913572 0.37146444234922 0.621868817251478 0.393926041817715 0.702322124778718 1.41515802868285 1.70654317294414 1.90946044234063 1.82817527769838 1.79719214487846 2.6010762828488 2.1042937995562 2.28333350533272 3.90568537482191 4.19013647242268 2.78772511163569
9.75711705372732 9.70250025016276 10.7495989664449 10.5196881102714 9.21392219162537 8.82838438143057 9.70561457632098 9.37784651818342 9.31356096439231 9.18238476081954 7.91082503586517 7.75288628937687 7.96396797727671 8.23203201353512 8.16466166629066 8.33621234884805 8.13059266050834 4.44581837091822 2.7453478625499 2.22790206875477 1.55524765599777 1.19755237622309 0.876758387568573 0.398415334896123 0.525743446773825 0.486369586486598 0.288325176369492 0.542492209624303 0.280078115033341 0.493854467493698 0.54516283552599 1.47205918589023 1.15077547078818 0.679324077630179 0.456018598128641 0.735328909389084 1.061943823888 1.90408291122132 0.459802956749285 1.01882922624827 1.86879380891373 1.60100579998898 1.86433871980947 3.55063448687095 3.7836954854939 2.07849689718876
8.52366470028668 9.11395914174213 9.16856771927007 9.67043590295176 8.29157506885587 9.24766330772184 10.3321146973303 10.1782223590755 9.11691405196802 9.13788931961455 7.79953160130981 7.19172068112635 7.1336507384097 7.39206064532836 7.45543398094109 8.1571495625222 8.2022108715303 6.01587755333944 3.48736695612329 2.4770322536278 2.33847558442652 2.3021484876337 1.08248691734967 0.347626030604759 0.908578492764612 0.509509687929427 0.41510329170509 1.4854046963085 1.45072877109222 2.02341635737895 0.609210454148282 0.316664327492016 0.443710010367356 0.250498427248148 0.0955901848236175 0.124031460914151 1.66804361593869 1.10791751790222 0.271705223126072 0.617007236523571 1.74394262953568 1.84640404960139 1.33701825529181 1.81028115026503 2.36667026035282 2.13131107972574
8.55181668875323 8.95024837334759 8.64051875237004 8.36996311008896 8.02049941757556 7.68056564765819 7.90628702574841 8.78705717264232 8.59759676219111 7.47620470363617 6.69323849897595 6.24692771698246 7.12745511926512 6.46878904329457 7.75138628409548 8.28101747868021 7.85917469330557 4.86630027932338 1.47540044722765 1.68820655196801 1.54458232684507 0.805853113236708 1.33933075599621 1.59467909524159 1.08978054309542 2.51367315687617 3.64048507384878 6.89148982193992 10.1203274942876 10.2066005153616 5.09274542955912 4.75625137325667 2.46270249512846 0.796766729476479 0.189454127345811 0.0395675969702615 0.544473564747568 0.300621900763103 0.226852873072046 0.860203740933804 1.5437932988898 2.39530850920663 1.7775723489583 1.9586670397295 1.48177178394082 1.34194712413344
8.73943724993212 8.88126718872817 8.90947244531306 8.76386922732161 9.9386541600718 9.19982312106142 8.37452247672796 8.27463524509978 7.357832618331 6.67776324769207 6.19054774332464 6.08416905823112 6.98021770758938 6.76406076994931 6.95286331806342 7.33613070234637 7.02489554604371 2.78576339129204 0.89046535188394 0.423452928887855 0.764888689903461 0.37909843591852 1.29627461678152 2.04597514260962 3.11162688663801 7.91208279916223 10.2602155594294 10.517047697272 10.6827082743786 10.6593234569355 10.8035541772763 10.4398178844341 8.74710727240199 2.88901702223216 0.273792233666748 0.280235327056146 0.714664690333536 0.963443971437598 0.648000342175109 1.29801150286916 0.977851165558231 3.27954768202062 2.326375335166 2.34393576059639 2.39436770054311 1.90676504215556
10.0338708912855 8.80691287471275 8.40569876796281 9.38343448525084 11.9907721325767 12.0256688199731 9.18185656324211 9.76879749551708 8.61630158615405 6.79589442319819 6.57793326672693 5.61535054905639 6.36733728840228 5.97136904496019 6.35217442211876 7.38075940488145 3.4493525360177 1.07118602536188 0.471272127327455 1.17091451711386 1.35840189874051 0.749770267578053 0.493397749487117 2.80256543786843 7.85399156535536 10.3719657245767 10.9388695801881 11.6178696610596 11.0490256204704 9.90772896224364 10.6222817289114 10.8594200511285 9.98627574384756 4.37999452795685 0.554663961272132 0.621824514249029 1.37840235141916 1.13981644139657 1.43582514252218 1.52703825945306 2.4288474177596 2.80380829133096 2.63213606819084 2.55260521042322 2.40283469626665 3.97754979989469
12.4945136366418 11.0156955126536 8.81350978294579 9.36286709749279 12.2702870773017 12.1307349831775 12.1612494606543 12.3654019223523 11.8058010266207 10.2505804816484 9.53070208295294 6.4705402608982 4.99365157727813 4.73193437033012 5.1752717442098 6.7266109949972 6.83077567452558 3.60014816275502 2.63035307385558 1.7921194429076 1.27872260723872 1.62779491727022 0.14350771451195 2.40391371457345 6.48260818369517 10.3433649583573 9.45495435767582 11.3147133277846 11.1189473331007 9.75033476442962 9.91462932444039 10.6885114097553 11.2842474934522 6.20770251311503 1.51779798715121 1.35939850240891 1.14475409738991 3.42539793077438 5.34206148659096 2.5628402113464 2.32439245586795 2.75745940031671 2.67094667019124 2.74729909244746 4.31077005513354 8.11214787847269
12.1657372118213 10.885642498616 9.7431286497611 8.6870833695066 11.5455503320314 13.2143062797294 12.6162821767213 12.020112434995 11.6374442459929 10.6686801258149 10.1300446011917 8.57442789678263 6.11039487671284 5.35660357534207 4.9542684869685 5.66373403200842 5.0509070647027 2.33615347296297 1.6393199715436 1.53592037370193 2.36078375741894 2.70492526401399 1.93952653738141 3.72903326169039 7.42796552544472 10.237208044836 9.54937995075969 10.1687249527436 11.101888565792 9.62641381062602 9.84013970195897 9.83713679593873 11.5217104573147 7.54069376379799 4.24757005602939 3.67987897722924 8.34423280050535 11.0944543032776 9.79770912302749 5.86161969549016 2.5343348942742 1.61334970059051 2.60398496521674 3.25150102084593 3.25256248257752 7.17608845087631
11.4508250075311 9.25325613284737 9.53698992141108 9.00245882533688 9.82177279445763 12.7038191743638 12.8625246590577 10.5647213671795 11.5648017377552 10.5732314982432 9.83239752551687 9.0882399864106 5.55034504827512 4.74357763545047 3.82578470570061 4.0922625484698 1.32577002396459 2.0086915972746 2.44310059703094 2.48493432056398 4.73727066212026 6.01949605398678 7.78842069827268 8.36919470803355 9.10676856413698 9.23220527101198 9.06670362223242 9.66673877015656 9.93851468792871 9.80347583061079 9.50092395201857 9.7638737111953 11.2136274955474 11.3345467581617 10.5195863420417 10.7858420522221 11.1805362819194 10.8831161538342 10.4480799419151 9.95753356206432 6.19728810919677 1.57841345998077 2.12284954013281 2.01585126710787 3.07279699754405 6.16258453024111
11.0765864177435 10.9375596101584 11.8790774713756 9.6487097721446 9.71814311711285 12.468096816642 12.0754052431646 11.2305667468263 11.2631192207473 10.2062501380603 9.55774062589759 9.40202336471944 7.18990371125687 5.53691164347692 3.54230183308982 1.5094025766716 1.04610696871625 3.14364120637743 4.31673615747647 3.83480752627053 7.12933314784235 9.33365705258915 8.70660229944205 10.3204725746928 9.16622120935048 9.16022632146432 10.1567019566963 9.07375128071785 9.4632800718865 10.6511615157799 9.77660605503608 9.52411445737598 10.5348226915004 11.2846104515902 10.8265787385252 10.6986731950193 10.5312902612942 10.7251205627419 11.0064505022725 11.1342967257627 8.75394535252395 1.74444061751794 2.04138661644641 3.50075728561074 6.2312201560614 7.89725655987904
