Data/Ndorna_data/ndorna_hand.asc
NCOLS 241 
NROWS 241 
XLLCORNER -120.5 
YLLCORNER -120.5 
CELLSIZE 1 
NODATA_value -9999 
[rows 160 to 179 of 241, columns 46 to 91 of 241]
29.2535596570379 30.6310710229814 31.2213417472916 32.0435510260148 32.6398282375379 32.3300325337935 31.4686570197717 23.6100966426519 23.7650334649427 24.3144620318154 23.6938279276998 22.8854565881122 22.862123241664 22.1709343996932 22.0256556292107 22.5020325226856 23.332568706124 23.3478849255612 23.7443312067235 23.9535113609472 26.2381335180672 27.0206046448436 26.8232770439686 26.0604857178885 24.7186726976038 24.5697499746053 24.792522201481 24.4092293594068 22.5312528383629 19.8966001425476 18.67022487432 19.3002410964467 23.0179338568684 24.8155092275586 24.2262133092882 23.7980391818295 25.4660021558199 28.4636428790396 27.9464840155568 27.366679899016 27.8042404261604 26.6685060735541 24.6815388910079 22.8089120219231 22.3264755599035 22.2632629683344
29.9913175293686 30.5978400984059 30.9722680766307 31.8774401158249 31.9508108550343 32.6276617575874 31.7703322955497 26.7633236718028 26.1474384816421 26.0519586864538 24.5468713033051 23.7454421866313 24.0676450446364 24.1410197091772 24.0033247267439 23.5770942929969 23.8987554627723 23.9928947289448 24.2857677090883 24.9109173516671 27.2430064215576 25.9558357356136 23.8350761073049 23.199402794669 21.7957416173577 21.7480387386154 23.7161512279787 23.0356306114823 21.1310685654634 19.3731766946166 18.3457286181478 19.2960035977111 20.5789393537324 23.0760212851693 24.2159721311182 24.0189935387047 24.8564128411112 25.577012243578 24.1943419733736 24.7540526750501 24.5112370252377 24.1022517061865 22.3449833484321 22.1783851995367 22.5878081178499 22.2545528607193
30.204201325358 30.2900272621634 31.4578824832525 31.8189640247122 32.3479557121563 32.0980740256381 33.0106617466002 31.8487097096588 31.9611166286622 29.5224788433272 25.2782166244794 25.0143314679132 25.7828480614571 24.8855056133933 24.4606918745602 24.9405484900448 25.9260971111562 25.6334568200107 25.3289755873709 25.4926586823295 26.2878345073258 25.854026220531 24.3781521719769 21.7935541270738 21.5041218920526 20.8354212437304 22.1280240482223 21.4203159091993 21.3119771288566 19.2964637384228 17.9617539059256 18.5494098146199 19.4176030720423 20.0602105383532 21.8846586581455 24.0087577822572 22.379837077767 21.3002107163797 21.8745357882461 22.3368311202667 22.5735329607881 22.975975011114 22.5553827080426 22.7163056958292 22.6437786890234 22.2716134282057
29.511931736699 31.1009250312664 31.9477872721575 31.3437912995511 31.3022934073277 31.3166931411883 33.059725933184 33.2201533745039 33.6222007377083 31.0501944494527 26.7421991810154 26.3670563580531 26.229735832539 25.6707021152295 25.1969754786782 24.7420734015308 25.178214054853 27.0912944703777 26.1447579434173 25.5099750661648 26.063039344305 26.8711064286698 23.937444505217 21.5300240151214 21.1242796849661 21.1583071863929 21.9054123823323 21.0796527801656 19.7230149599663 17.7127792333323 17.6897495967633 17.4104327325332 17.9208633780679 17.9298393064979 17.6866870016583 18.9476734215278 16.6572180616418 18.3034549366613 20.4271383640565 22.8039319289444 22.6110317256707 23.3059481751144 22.9210726672647 23.0853828044468 22.9516688244655 22.229656010791
29.922677506146 31.2581414857773 31.4897385783217 31.5138028519724 31.5091867073495 31.6864982832264 31.7120145825052 33.0629199242014 34.9337544513448 34.5720869454694 28.7021806265903 25.1459989976365 25.7346117245669 25.8409994726547 25.2839267219532 26.067763575947 26.5345218257591 26.7945439273408 26.5811093788645 25.6926511017005 25.3513931302041 25.4858436567887 24.63250609929 21.1965471961263 20.4732155376831 21.2835700232975 20.9027257610571 19.8484571851832 18.8752616400895 17.9919715120503 18.3974511783989 16.4203673079371 16.048815162838 17.6752356696989 16.8377431327873 16.5051196271307 15.3121546984931 16.7794440827138 17.8456394122524 18.4369157324 20.4226529480102 22.292509430392 22.3306572473363 22.3819804465829 22.254382041895 21.3745214151341
28.1270024748302 28.0339366114242 29.0367407214476 30.0151927814936 30.1700398704575 30.5509980582042 31.7425531807488 32.9321652245959 34.6220782341784 34.8447816585383 32.7157446082134 29.180097262704 30.2981370215512 30.2554794099919 28.719761105288 29.9813543500713 30.7352380772407 28.9828631422397 27.4453112112985 26.6526303106554 25.7109859895921 25.426525389533 23.3804599949945 20.6139141784826 20.1941643216695 19.9523105513372 19.2942179405855 18.0875355205228 16.7615722461848 16.3773866471018 16.1616596785811 14.770091752127 14.5296949534742 14.3712950897751 15.3503347924737 14.3982095959255 14.10275264482 15.4463246932225 16.4532892349485 16.9194507273799 18.1786917597097 20.5400423353893 21.1913444996291 21.4596768709811 22.0395450655208 21.7608744677795
27.1361158131356 27.1360422854892 27.8868499188193 28.1457655709102 28.9517721178118 30.1146405526197 31.3515895679935 32.0104783448611 34.2044828196324 35.0019688130119 35.3524927891345 34.910407228529 35.3189327539565 34.5269774102352 33.563736119943 34.9363491863339 35.0851559213064 33.1265313417501 33.0985192083898 29.1600067250714 25.6264777899792 25.3600400753082 21.9480368596917 19.892760197412 19.3564318185955 18.5308918987936 18.0336005512955 16.4137417895846 16.073033664197 15.6566164268171 14.4402877518876 13.5388422207319 12.7855288875385 11.7206356542952 12.2918221536684 11.9353885496162 12.2996459966711 14.2861373704962 15.5285966165808 16.76488591139 18.0854642170978 19.2161686403072 20.7661964405968 21.5137840460322 21.3166275836251 21.9794856532402
24.371621642561 25.8132328349395 26.6140426907432 27.1614912170743 28.2807133443421 29.2348155313097 30.1822209925923 31.9253943490402 35.3707530359596 35.6121644978683 35.6539048985553 35.0506463034334 34.6985081385551 34.2523219782808 33.9417898399808 34.5897952632031 33.6605077147305 35.0771693964493 35.8992080813973 33.2038519087923 28.2858961316957 24.7786219754693 19.9645436545876 18.8788867796705 18.5878374275302 18.2578206318631 17.9743169453727 15.7655669778612 14.0498611002744 12.3942378571305 11.2269787144576 10.8511598829122 11.561713013381 10.5632146387393 10.9028769382283 9.68140195659196 10.8437362129114 12.6976217063954 14.57095512235 17.3722192669239 18.2239057871347 19.0793473323832 19.9393963624323 21.3634712989326 21.7686040316951 22.89391413121
23.3106981279964 24.4901128187545 25.8458214507989 24.965233087255 26.180446334363 27.7600633125389 29.540478455627 32.697727344184 35.3472492220275 35.9938552791323 35.6935774457789 35.2691964290486 34.7077468296745 34.2951570750939 32.9327708274391 33.2664090432666 34.1498807159535 35.3366829439924 34.4991381869136 34.3685454489911 30.2841961236727 20.0107802478 18.9510370694376 18.8479908489584 18.3721422931431 17.2799066540512 16.0697601991872 13.9320239038083 12.47609088005 10.1288109759146 8.6097126954925 8.50757451230792 8.54401674957988 8.79188050333839 9.40098862344545 10.5003251693266 11.8465574454771 14.0326606889548 16.073804538609 17.220175581622 19.8645063516025 19.9708631067756 19.649783921614 20.3774514014787 21.8640151118519 21.9015748455417
21.6215159231271 23.752721613086 24.5767505554319 24.9210053602575 25.6022295745202 27.0435212793507 30.1091148168562 31.1517849576451 33.2038205326245 34.0173239372108 33.9276934636253 33.7212572240561 33.4044675346866 33.0142906914845 32.8031174994226 32.676649171199 32.6662138021485 32.5004831565774 32.26025975369 33.3907437708485 30.5119612112861 21.7399507995937 19.5107780729157 18.634751181783 17.1578045114931 15.5755444823801 13.3006182906701 12.5592072510651 10.7286003392051 9.35106442612359 8.55860584278277 6.49677016779541 6.57050516334562 7.61421366151595 10.5487333401032 11.9005078548434 13.29806963004 16.5039184607848 17.4060820580117 17.2612217074939 18.6860276927707 19.6734226174515 20.4895784066521 20.7759086803422 22.2049520838415 22.7337474050323
20.7149808187336 22.9253677009796 23.3507760238588 24.7102728287991 25.3531877465881 26.6490395168536 30.0427545228386 30.2254539441656 31.4833150191293 32.2121885870978 31.8647195545513 31.6184567124153 32.0918279885228 32.2225854528213 32.6794211985916 32.8205161722633 30.7947873427719 30.8578843267195 31.970407905662 32.6899471621764 33.8228884000359 25.5239623634815 19.6456500782641 17.9728262336075 16.5209990851924 13.286697600278 11.9109518803359 11.0337015444936 9.8482014451148 7.18163974985749 5.61865852435646 5.361434196581 5.76072112281111 7.91697834759604 10.6344564251695 12.300264105895 14.5357744431528 16.3014301508871 17.5822738537992 17.1934385377429 18.0988353186973 19.2203807998877 20.823495628471 21.7763633478098 22.599270558268 23.0769629596818
21.2331589036426 21.7506176846781 23.4734621552199 24.177621857597 24.452243268232 25.8572564920051 27.6464027898481 27.9701282334418 28.1277034061862 29.8779205693599 30.000813564022 30.70555542051 30.4189325781949 29.6841096842595 29.8951914566934 30.4305439796575 30.2063217611685 29.9230386231165 30.8100568795823 31.4746604922235 30.4675880862351 25.6050104733053 20.5513956669167 18.9755750124088 15.4786572934151 13.033540029625 11.2287795043216 9.03462360967999 7.72699865363252 5.11944499884478 2.24526934240779 4.36216155554409 6.63344430860092 7.83413600812183 10.2098023305978 11.8123340871112 13.9900595880003 16.6794014756854 17.6724241894939 19.2564409881326 19.8214684242376 19.9192083470404 20.401872099201 21.0586167528039 22.5117687058663 23.7598188107671
20.0052802362437 22.1733681290914 23.7613394138977 23.026535351182 23.1475951444594 22.9458624949524 25.0402391957188 25.9630135296485 25.6197100189136 26.8714405935675 28.4974129305073 29.4038996018222 28.2159597277864 27.6640047414408 27.9293649575048 29.4979367708952 29.5691611805604 30.3800018327817 31.4434629504838 27.6833950006761 22.8612291228704 20.429099702937 18.4036365881404 16.7627396392943 14.029807957454 11.5371879608334 8.93728588158869 6.83063020120383 4.51275211006359 2.18176162960643 1.53339681951034 5.61138062406067 7.36043853041618 9.90601992086642 11.5557690698225 13.9274606257571 15.5080544213759 16.8379285090734 18.1254589647261 21.3492172073728 21.3247594244491 21.4224056751278 20.9793301626153 21.3309251201715 22.5391145536894 22.8628585699992
19.2689316296837 21.8391623476312 21.9730301955582 21.8202267426303 21.3496934121007 20.7861481104568 22.7495640339227 24.6240196827895 24.1097831538372 24.7051068932778 25.0169607781128 24.249814393333 23.7084395902422 24.0798219381738 25.4775361652133 27.3351951977699 27.4535374848027 28.8629324871977 30.0602878616968 29.4095268254764 22.3000335112285 19.9064633464172 17.5064706053395 15.802868224272 13.3886981686171 10.2688652978848 7.72512431318177 5.50457549444637 3.38394721040469 0.898919740827183 3.23366070006427 5.84903583779431 9.0369797687536 11.747394846769 14.0568656337019 17.6310130160705 19.203046863509 19.4324559402968 22.9967419328371 30.5177681835315 31.9917906337298 21.9633216772925 20.9798849783592 21.6914932632329 21.5436730720681 22.6897949336479
18.5081351608765 19.3172508669082 19.3182885895918 20.0412504784268 20.4296688059232 20.7701744184851 22.467616899163 22.4509111796449 22.3326424898741 22.0246512292283 23.0106358999852 21.4951395895542 21.7640130547314 23.4023726101157 24.1799208073474 25.8136381818692 25.3979233718307 26.2536438944517 27.7699508928998 28.5686459420815 27.0329224519451 24.012228011276 18.5128138058087 15.7004200103716 12.8905420935366 10.1633296589906 8.6133219546212 6.31546498953533 3.5681604149749 1.36281920452033 4.19002331096194 6.63235575846858 10.2907814355586 13.4992058856777 16.5537270977172 19.8919553679181 21.5698544593223 23.4381188846312 28.297631076157 32.2815387435465 33.5769392002946 24.4341741076195 21.3490619653078 22.2840233117613 22.4396236514867 22.3584225602748
16.4291813477046 16.8828477624845 17.8069648704721 18.6213659028402 18.7902351739909 19.5357347183726 20.4288756537139 20.2735784841133 20.0927516824497 20.7243554889897 20.1277329455466 18.7685900380415 19.9004334995164 21.5569052363376 21.2256685369013 23.2620328265546 24.3926423474652 25.2780677492634 26.0124310422905 26.7131788736819 27.0109087426699 26.1664801463068 19.0177606608316 14.7886765160606 12.5718567005328 9.93683190246312 7.89242892869789 5.93181743380987 3.42460697898804 1.95863724042528 4.05819968798886 7.70476749536371 12.4548342103188 15.3422181323406 17.9887961488358 20.7047455073452 22.0930922902032 25.2097374259646 30.6854884742653 32.4010385098372 32.8186286462517 31.5272425905593 27.5376789820541 24.0284537206785 29.1297422542162 25.6234228786537
13.0510490957298 14.3752165912142 14.4826729142482 15.4489039522341 15.7320581503583 16.1062253840073 16.6399117547781 17.5650742845148 17.5597399541445 18.4421810617402 18.0097621537818 16.5331143984105 17.4120400773631 18.8482717153715 18.3139427368762 20.1607517686517 23.5760891432203 24.3189295731248 23.9933667187279 24.6961740823344 25.5034593649359 25.2789357742288 19.990223432125 14.5241284163239 12.3753928791364 10.0234733481235 7.70403492551046 4.88913926974704 3.24313229804053 1.51642686475525 5.14559010778911 9.43034786862125 12.9501923463867 17.0368532412474 18.628037776791 19.5103661661644 20.4751289562975 25.7308342326793 31.9828545001427 32.3387214928454 33.6461175562846 34.8527505785915 34.3338444296085 32.8490763059348 33.8709905733703 33.6994463807116
11.8586475885206 11.6434202824307 12.1467567342832 12.4485672932263 11.1572153623008 11.7134156038393 14.1187515430257 14.1839765177895 14.4698637403804 15.3808482409171 16.6886914123609 15.7584495611834 16.7735122709536 17.3480989253193 17.001139587011 18.7276201935979 21.5045671230371 22.2487317995117 23.0405117321812 22.7814134898939 23.8498918377644 23.43264039267 20.1843772261138 14.336446546264 12.3450101973673 10.1971629374518 6.92755633767976 4.98562627068919 2.34782254575451 0.994993347763375 4.08220226111727 10.1640352850127 12.200398485478 15.0429847527603 17.1056291336986 18.6461677041355 21.8049902178667 28.2494361070184 30.1935421266367 31.2243297630563 34.8208520275004 35.0817341301809 34.3053728120156 34.0347546421454 33.9470885491133 34.0665411845203
6.97414755059731 7.65136116105618 9.37279255602369 9.74728862781897 9.08015755220882 10.4132802296393 12.1998982163221 11.4749429744521 12.5874051225861 12.8633198107265 12.5887803826605 12.4692837890903 14.1115292876676 16.6995832601487 16.9061966437174 18.3150222214556 19.5011673212691 19.8078802660185 20.7776871789518 21.4566794794583 21.7890704568192 22.6592401425364 20.9786794899074 16.003228151102 13.0029429605463 11.1698520512017 7.75387633070724 4.79572479478246 1.64688061052782 1.37827117464324 3.80988816907463 8.95560757277867 12.3949066054838 13.9477862506665 15.3792199249653 17.9611050190208 22.1058930695754 27.66209123398 29.5903620066263 31.5856958473305 33.7113800351815 34.3041809762709 33.879906307153 33.8558703059061 33.7083289973656 34.1643776501338
2.78895485476284 4.79970533429597 6.46057589130877 7.44146103810821 6.62276262127002 7.64642257639827 8.60620285308135 9.45447084020332 9.84087407897806 9.85689851078136 9.65234668067271 9.90127599180834 11.0874338594785 15.0708785648321 15.544707374922 15.9001801300167 17.4237819788224 17.7625689201724 18.3073383380481 19.0171753435569 19.8907417964217 20.3850992816514 20.1826165060424 15.8173061901781 11.9969788098073 9.82380409491977 6.92949268393221 3.70268975077063 0.852977692191585 1.2620851942973 4.96498301786337 8.0305387817585 11.4494359655527 13.0569003218843 14.6585073228385 17.8902964667908 25.6694905298702 28.8442521271138 29.5822419110354 30.5988143784509 31.2567383669662 32.0133601838289 32.3692417051453 32.8120106691839 33.5593270687255 34.2623468277898
