Makacoulibantang_data/makacoulibantang_hand.asc
NCOLS 241 
NROWS 241 
XLLCORNER -120.5 
YLLCORNER -120.5 
CELLSIZE 1 
NODATA_value -9999 
[rows 20 to 39 of 241, columns 0 to 45 of 241]
4.0881102537839 3.85671153834005 2.83604111446536 3.44255189255783 2.74100654238727 2.15129241867532 3.66267459696614 3.59851066088772 3.03606094919669 3.54189817386904 3.72098998170219 3.46430628663285 3.28621417385086 4.4221608456439 3.25485497160947 2.7748855612517 2.80705232824084 2.51129995072586 2.20418784569419 4.42669059529898 13.121021827603 15.2294215559102 15.4671616150471 15.6084490425948 15.5385239291483 15.1045357552453 14.641747782527 14.899123872952 14.4612886585027 13.4826501875182 13.2664469971767 11.1083575860449 9.55527728764407 5.6852135792099 2.36169885847388 0.737166923730105 1.51632954031771 1.41790367218448 3.04461462298801 5.29411045223772 7.1411034120886 6.46612391646401 5.40497596867356 6.26276634979042 6.87233415768026 9.24935920584992
5.87747716700021 3.70889164696938 3.88114563350532 2.7154481425742 3.15931631553825 3.3650952114635 2.28858409316569 2.20153431596264 3.29907888427948 4.78990516401685 4.11047933558395 3.86752666552668 3.46869292768802 4.0020092932649 3.0247989164262 3.57601089929949 3.16117639743493 2.32054549163769 2.64449831754399 3.77555165638668 12.7927407041578 16.3025176260455 15.1622211311802 16.4979362312904 15.4706308881535 15.4616693404507 14.1584789873274 14.7296033365534 14.1096650982134 13.4191272170255 13.397287919884 11.7606828193946 10.3124999563029 4.90538554487424 4.01131438060794 4.84000239348069 5.81543861159895 6.95148642337657 8.70102097670383 10.737471734099 12.5706154154241 10.7180842132888 8.58798068556164 10.7381435335785 10.6564365784119 12.691410831167
4.83930342976785 3.75277142703687 5.5444431238098 5.20024486827439 4.4700769885255 3.55704198543432 2.3972656274829 2.50547226146419 3.41110909566863 4.40652594472168 4.67542589828636 4.47626787615193 4.40099888946106 3.5183806651616 3.83012897243482 3.60497172221904 2.24295196105829 2.21775492665569 6.46309069207838 13.1276611685724 15.5770453372872 15.744338785531 15.8736015272853 15.3628447519425 15.2384995075047 14.5170398702208 14.1824307618665 14.9204158056253 13.9282339812123 13.5297321577694 11.7207143006091 9.64127723122509 7.7133437457728 8.99281031329802 9.74868646107961 9.6916840287091 9.97626289548827 11.0648165498925 12.0638358258186 12.2949888361579 14.0445944158048 13.4245218191093 12.1985521575111 13.9697480889556 14.1202482795375 15.4032810166737
5.77381847424311 3.55648428095824 3.35465111330745 4.85534618119377 3.45381454451463 3.78330213967986 2.74462461663833 2.07886381609166 3.87679604181802 5.01832507439988 4.6718888868638 4.24396990237235 3.93671797193197 3.88139271389048 3.30155080932364 2.80674291362621 2.14570635610531 4.99166737382044 14.8493262889244 15.8734237563403 15.5284391381607 16.5323370492935 17.1397740878486 15.866726972669 15.0557161427661 15.2860702889016 14.5026190351159 14.5290042482542 13.1218193808811 12.2982913080747 10.1663945932391 10.6500378242913 14.033615508143 13.9293066798261 12.0876406786444 11.7761769549566 10.7532555212645 12.9306530385263 13.0982300405042 13.2954986667467 13.0644185492904 14.7436235098653 15.272819937117 15.4531963594992 16.2826618428267 16.0307550985789
7.69453995113365 5.06677503296662 3.9599581316306 4.22344323638272 4.46301768148618 4.81823682717611 3.59726369286693 3.79812862469467 3.76421288240475 3.35638774632053 4.32717564943538 3.49602256124158 4.13392458318589 3.63875087514401 3.87790753049636 3.41976735833173 3.17092596824076 8.03430957659048 15.8920770942156 15.3061783156223 15.643144618331 16.1601135244559 15.6799923586949 14.7517345448156 14.5323985676311 15.0223106435895 14.5448414581756 15.7083636808906 14.412480083383 13.2288228397072 13.124637776483 12.7317646977358 12.9511279202017 13.6829492432424 13.3070240171625 12.8301957719931 12.478168943369 12.902701260723 14.7237483145567 14.9240401093699 13.5759550666872 14.0894600842962 15.1039230506232 15.8225816398068 16.4498195472082 15.9016302404632
7.68073136505242 6.72209246482749 4.231557460066 4.32549147798573 4.10572678101965 2.99847002614615 2.3296219221045 4.26456095714944 4.92174489092368 3.57829514207782 3.64887104711264 3.63010122123016 3.99468325330252 4.24885177238168 4.34222344714164 4.44517346246905 3.33945603160156 6.79724478654387 15.9331171763562 15.9243449049665 15.6445547811938 15.6447395288634 14.9443594065787 14.4776396999603 14.6348549365732 14.2484945179308 14.3672082259637 15.0181544521368 14.6592938516188 14.8502555221227 14.2511332028635 14.2313270190295 13.6716856891237 14.3818037983009 14.4235009000279 13.570630922155 13.4643850211015 13.1402390432928 14.66792471671 15.2735298771524 14.2571105539376 16.0974521093286 16.3734777661351 16.5805765234102 17.2003392023181 16.9072616350826
8.06851341757242 7.82639361708597 5.07431802155977 4.15242210091526 4.68369780696142 3.22839795737304 2.89327338009201 3.22553388122602 3.94981222705095 3.53098799425303 3.32556562739014 3.52707377508702 4.69750147707146 4.33629530408735 4.54433437931172 4.2176063265502 4.39868097907334 8.04773668632039 15.905936046365 16.4935180700853 15.5556241327641 15.7836410230827 15.3432218646669 15.3421781688121 14.2505086240504 14.078226136849 14.1133306559172 14.6393236212326 14.5100615216058 15.0076657100295 14.8353322549103 14.4954039756462 13.3289123561629 13.8585765685791 14.0841346869405 13.2341365738298 13.4053172436868 13.6392741024636 13.6713373501251 15.1583162878294 14.3460616302232 15.5388013606864 16.4458813468271 16.8843003659948 17.0088572392561 17.459450491427
8.11272948001124 8.8058156759366 6.90485693101285 6.18163107906141 5.4519265116292 2.36939066392566 2.36651077381637 2.81637138064954 2.78153256841687 3.64857703500806 4.18667079200881 3.70344556997798 4.07060141029613 3.70466018581416 3.5620577768392 3.73518993951999 4.25556481457668 5.93916812209838 15.506223339068 16.206073653302 15.0016508798188 14.6104725876684 14.5407305021768 15.0660957491618 14.4276835711887 14.4881801575793 14.6583145033587 15.2125465826036 15.0443954483114 15.4999445624097 15.6004433269954 13.9620830632841 14.5054236839685 14.4163461642451 14.1006084999292 14.4469321481897 14.7565488184182 14.28764365031 15.0091357444174 14.9592954434217 14.603964929294 14.779116609807 15.7628850183137 16.3255897251012 16.8071888166133 18.588181530651
6.42596952053741 7.57643163308355 7.50379334780597 7.49446903921109 5.83699289460406 3.50044240463811 2.80885582082278 3.23388388646841 3.26461019001738 3.40473332044509 4.37834360718852 4.23882203076196 3.89175244831659 3.74004076820455 3.60964012488519 4.06539529851707 3.29690417547245 4.14044933469777 13.3497864671072 16.1127254495767 15.1514585776361 14.7439693139905 14.6152400016091 16.2174253936712 14.2160288132379 14.4276800371556 15.1825751748556 16.1717424688038 15.3799181698523 15.8084947356007 15.4430386374861 14.9238673500685 15.7635687584522 15.6362773420234 14.570272510156 14.4850806673455 14.7309846008946 15.9067495936062 14.8879054311692 15.1164380306373 15.1781082555884 14.5414792254492 14.9703991523674 15.6496992198064 16.0141685729989 17.7838449321816
6.79041709048087 6.58278323493205 6.84702859188862 7.49554177844614 5.8499980318417 4.55186923289915 4.30414154587888 4.27491428538107 3.92698802107575 3.48913499122742 3.84470995361978 3.49878071658673 3.6802288010958 3.42794032592121 3.27249597531803 3.43706353173691 3.59705882911514 4.33198511858049 10.9379588828963 16.2218881972228 15.5322463450346 14.6495945350362 14.594196867284 14.8454242107969 15.2826687591854 15.4933347098481 15.2303958344834 14.9928464751011 15.2892254167679 16.2075108634624 15.4037410408244 15.3440585429271 15.5363477851076 15.0232080280173 14.9501504836381 14.7089040223346 15.2210158502473 14.5625590310155 14.8782588835655 15.2031450915756 15.3246603926132 15.0240065874758 15.6384977368 15.3418984309099 15.8721402268677 18.3383083303588
7.72984669619693 6.47304065249627 7.31569149385655 6.36330182172299 5.70570816207077 5.71596357896964 4.27173343275402 4.80239162884124 4.09260841728081 3.27895351112295 3.41346131354964 3.74966007662347 3.38323663281353 3.38687936275352 3.53772875907477 4.64893385660182 4.46376420941135 4.58223665763841 5.26519148964133 13.6252340644072 15.1461682813037 14.6596530598019 14.5263910572931 15.5090231084302 16.0889448307816 17.2656216503338 16.0349063472507 14.9264176544086 15.4467303207178 16.6321792400068 15.6771045282964 15.4459246611755 15.0957644420478 14.5865187736166 15.4910783754061 14.9434290535028 14.7527091568991 14.594368384237 14.5063829394219 14.4163223310175 15.8548177487599 15.3134437404011 15.9532671508765 16.4608721357796 17.5515132243228 18.8023049107132
6.47406181925437 7.41695345507189 6.46991967688968 4.03310181723852 3.95510773793975 4.46700970654522 3.36412760397878 3.28967594954706 3.80366604385528 3.40063081321808 4.1461636876751 4.09559956645112 4.40769989863593 3.3843967452268 3.35289829498691 4.3113781688711 4.13464007089175 3.98624191715719 4.79222383125317 11.625293856011 15.735342670801 15.3226571546522 15.5733578816913 16.5120294074703 16.1408284847756 16.5544210208402 17.2480203184997 15.8715824901809 17.1766221841324 16.5897129229838 15.4640658119181 15.4154690569007 15.2648294383303 15.0098745385688 15.8464668000533 15.3129606666807 15.118342794603 15.8757786740366 15.09023214664 15.5497857011583 15.6183781507349 15.9551116424313 18.376253812455 18.3735135231473 18.0646527810874 18.6326503682384
6.61279429531097 7.61723551806951 6.78018621862165 3.74904096005872 4.56948801063406 3.39520905673204 3.23341972448926 3.5976630919274 3.97210962750484 3.31366107173051 3.43275056113081 4.41562230577827 3.91945404431217 3.64707998827918 4.13445278193442 4.74355769874255 5.79491444863673 4.78624138717727 7.18690160484663 16.0850854058368 16.3618530441389 15.3381370974913 15.9313599737627 16.4382656579635 16.1716294768889 16.2432717725555 16.8226417827366 15.5305251482215 15.7063383264594 15.6929359675123 15.5045030202233 15.9401305220792 15.1836667448197 15.1328225022414 16.4345798115576 15.7034000589289 15.3554334268786 15.4423005500941 15.3324523360469 15.3574094154957 15.2039568917182 16.3129303306569 18.3610333942762 18.2555381856257 18.5003874535237 18.4358363759793
6.35529964984845 7.83182237839814 6.89721456807507 3.31608610501432 3.42854346277907 3.24405978085187 3.3740850983337 4.20352710728604 3.95593209059327 3.43142612123681 3.02801706314642 4.75190330164523 3.70958573560167 3.7422733843585 3.92130245656807 4.76416742322532 6.05347777726773 5.72227657447044 4.59029671730472 9.91185741126777 15.5358775589219 16.4692001267152 16.1991597999097 16.0609605005084 16.3205157125242 16.0833615046843 16.1694408722371 15.4547592419532 15.5061945721559 15.4360378949009 16.258896566507 15.8985468575909 15.2689843939494 15.3883117548415 16.1806863611125 16.5253197394282 15.8151302304382 15.1320329633561 15.2505745190991 15.2238391741332 15.8563667583865 17.4381858501768 18.3038042055065 18.1050064368405 18.0739386320909 18.4532816483188
6.15290136643771 6.48440424097852 5.45085233462246 3.25207252937344 3.47607426697822 3.55612361619955 4.05808556914517 3.7818928003126 4.48260850824665 3.83026885783197 3.89205649782648 3.27271857812033 3.14812264494322 3.3402026690587 3.46313620991808 3.87333826562013 4.72657851118504 5.29485900291178 4.67941584898079 9.98271116208057 16.1358797301816 17.4269694309338 16.6944612863437 17.4955344102569 16.4230545991394 15.786987835122 15.6058213008912 15.3004733855424 15.1068466182745 15.1725666934529 15.2632417035318 15.2708144315398 15.5848056686375 15.676685109624 15.2084880248469 16.2795848021093 16.166728809075 15.7588544006624 15.9470888891547 17.6436042834618 16.8550200945357 17.7762535622794 18.273834731134 18.3004347685663 18.2074243353587 18.9289203476192
7.43756273475288 6.29732350805704 5.9888911177278 3.55191247395481 4.29990394194114 3.93460901692379 4.97785368541648 5.36398696821188 4.19784800242054 3.87162688073461 4.86368867614547 3.64367566482949 3.61790370846957 3.21287383557244 4.23712322000168 4.31129594247983 3.41875239928036 4.58213020612128 4.93224770610847 14.5908365142202 16.8965731965277 16.40664217303 16.4066365492098 16.9426779650815 16.854753957101 15.5437576277738 16.5582501609787 15.1627563919045 15.5812758258223 15.7817068711049 15.4125193301675 15.3090786492962 15.682788629781 16.5118238553669 15.4962019654349 16.7403619140387 16.8143616611071 15.4733885833025 17.1222613403885 18.2982008101381 19.022883629135 18.6764396698186 18.353922960684 19.0331563230095 18.2985926803235 18.8967111604933
8.51569521803094 8.56535284916284 7.73508931001909 3.27107959668096 3.99388295233003 4.00189642507687 3.92181140730986 3.91700925058841 4.24909488385141 5.2614584350648 7.12982576260446 5.6541466066601 4.84073642865339 3.52550100061704 4.77840222547231 5.58493097419077 4.31393880171461 5.67103468394746 6.96690443275008 13.5884462621797 16.3730168911704 16.4868018890851 16.3838758563629 16.3580862048473 15.7819477892599 15.5844789511366 15.7398099809411 15.576352144977 15.955949713197 16.2815657420363 15.5851701430053 15.2600435093059 15.5395900113032 18.035023594546 17.2321796686265 18.8598866513506 19.1372121182643 18.3139765675954 18.2267080279824 18.1422768657496 18.5538150942174 18.8445664511735 19.2355302401422 18.4960466485123 18.9671077799047 19.0706171544374
8.99928882761367 8.70460011012771 8.17878378154236 4.23496543412031 4.31260485068882 3.4819418745021 3.35023412145743 5.44028183910163 11.0440458272851 15.1069920894783 16.9550685993184 6.83756030739427 4.26757444662488 4.35127351873531 5.49718034460804 4.78276161361847 6.17268520158337 13.9702111565502 15.7309633630948 16.667384552394 16.4051109828752 16.4033208740137 15.5658002055925 16.0023938388366 15.8495005742049 16.4073745212697 15.6584661247021 15.3097411438793 15.3148668286849 15.2406515073841 15.4350167218999 15.3588896485397 15.8331969523852 19.3428025453763 19.0902446185754 18.6282243505223 18.3453277237544 19.4567031702118 18.8761086443426 18.1528473304816 18.4411241022764 18.5998732162844 18.7298207255142 18.56377068296 18.600997291197 19.1440400864033
8.93293996453385 8.74427116282266 9.30181155228694 6.36707373509675 4.76755934976166 4.23270011395107 7.23407799088235 12.6083239873111 18.0186294118438 18.3129980537535 17.3453395140755 4.86938545293618 4.90728057603419 4.61511362534808 5.95229616556489 4.76287968317186 5.96588718848952 13.744008142264 17.0382830106553 16.5305721963413 16.0886332902296 16.3494790068006 16.4990471518872 16.4166048827878 16.7109560674548 17.2646704236021 16.0931426858327 16.0382339638193 15.9813463625152 15.1542310365783 15.1440748373091 15.9821277907844 17.5668990202398 19.769557320294 19.3223581182297 18.7051243329204 18.3500616928151 19.1945953864669 18.7725904671342 18.6898846918943 19.3355497096022 18.7340688330032 18.7586243712565 18.2702019720635 18.6901079471285 18.3466465397012
10.116668388781 12.0957425055998 15.0260684197862 15.057674065679 12.3667808545332 12.9990450119245 15.1257123949224 17.2221931915513 19.0414327674752 18.1358138172679 14.6982819203968 4.75403779256287 4.82373070067629 5.16054927312476 4.71922621590333 4.21710964301876 4.48667612761785 9.06963342055804 16.7877956722983 16.1925574486395 16.3652453209777 16.2624940636106 16.1540218276835 16.2876284460707 16.467870805356 16.3922072391488 15.7212844251021 16.1802786495745 15.9031798480081 15.0975399750859 15.2404335209355 16.5243159388194 19.2930842128234 19.528806324201 19.4283768880559 19.144497781212 18.8647106350153 18.4135451994832 18.4463957921521 18.1908716420388 18.8344786053709 18.9022885450071 18.9377969183592 19.0622598368858 18.5299528462419 19.0398732941588
