Makacoulibantang_data/makacoulibantang_hand.asc
NCOLS 241 
NROWS 241 
XLLCORNER -120.5 
YLLCORNER -120.5 
CELLSIZE 1 
NODATA_value -9999 
[rows 20 to 39 of 241, columns 184 to 229 of 241]
22.1346472283613 20.2048495887142 21.8838338836357 20.8386303859609 16.389311650681 13.460584810236 10.4546647658805 8.50822801982638 7.23593711776037 5.39951050117701 3.15269249064967 5.15513182015024 7.20230531575204 8.72271292233191 8.97092393352866 5.93941152023662 4.4189841410133 3.19884629102506 4.75325108895183 3.36757996430952 2.19077951958975 0.805815269030688 1.43308864177298 1.3330205792934 1.14451774979156 0.858998210238443 0.216561073957501 0.091729602585124 0.0998321119615169 0.360533767448232 0.277142598843549 0.838270423334296 3.75477069308709 5.08691602956915 4.65392634512098 7.16962131708773 9.21108525573279 10.8616167605273 11.7127594576111 12.5274592411186 16.2148202991095 19.3245962636476 20.6386891618067 22.1894342044631 20.0762375886043 16.7389415317063
24.750769498229 22.1311791688547 20.3767386957462 17.0961623145017 13.846508493705 12.3676539829965 10.1719667848916 8.40656418483701 5.66752363762398 4.22171283943657 5.99232298958111 6.60323952680563 8.97487376166904 8.72801599212811 7.70262008385074 7.93238758263949 7.08558944341801 5.29320643848317 6.54892589458201 4.25053345138253 3.60713960343924 3.96463468597124 2.53657842661134 2.76606020655473 2.09634925746076 1.19062641591831 1.89910090644691 0.915881346251479 0.0640318102946507 0.195809222616004 0.509695198945546 1.68817676989982 3.23240578346565 5.82472969563414 5.50056127587539 7.14687144892857 10.6534059222686 11.6624538756347 12.9398833620549 14.2502978923668 16.643840517773 19.0862013616605 21.6012932202301 21.5412148437257 20.2206237836481 19.440016288652
24.0526157301879 22.1794961285292 19.7449593682222 16.6059942540847 14.3218313941989 12.494300371854 10.2863848686964 7.19016387099896 7.09618151386444 7.5259211535051 9.42151760594597 9.96876314261717 10.7486762167378 10.4811043610517 8.07430982950666 9.26703512874285 9.46795817910259 9.47137681826039 7.70209194717781 4.5169681905538 3.23033345201431 2.94324000022064 4.26806524763603 4.06552269864339 3.8498874367239 0.924186087547531 0.88034831026276 0.549786414923179 0.641889054182809 0.477808036490363 0.591087678729622 2.91725718866948 3.67938091794534 5.18910721503908 7.36669343531721 9.43948629606479 10.419555381797 13.1091965408545 14.484943277505 15.4728970916033 16.6588405014259 18.4708712223711 21.6904043411029 21.6472573751291 21.8292112839745 22.4476220003873
22.4750501574466 21.7818527833794 21.1213160325843 16.2537736517653 14.9935514676931 11.3908629846134 8.58445695830331 7.70633360607895 9.82493835153 9.61001967937955 12.0812529784191 13.7202686035839 11.8334233263016 10.6460952035999 9.36450699202546 12.2850537162504 10.9811022975069 9.57213624583586 7.99851710120787 6.49551408227793 2.64811346855454 1.59677704722813 3.50323469766465 3.39562526481326 2.16176072575873 0.255043046052851 0.315633704528297 0.701221653967538 1.83673626546097 1.59860219476592 3.62484626434216 3.86304186587731 5.38837292557785 5.69408723526577 7.57581430260201 10.786873675576 10.5228179678642 13.6621826067602 15.6894938984397 16.6731059608648 18.2376122736134 21.1000197392328 24.0798307664979 23.8502928569602 24.1329935761308 23.377622856642
19.5355193478307 19.0645338722442 17.5723512940597 14.6105481385021 13.1369493945795 10.7142056877702 9.55656923335309 10.3652219492961 12.3312724322739 12.7605035427658 14.1085316135413 13.9184594673996 11.878829755224 11.2094995903014 10.3575693656322 11.8931764803163 11.1080553720264 9.19612007129272 7.04026264411576 5.85647321164695 2.37223610415622 0.564193935175693 0.956366417473142 0.928232859012909 0.440905064757054 1.05028080824095 1.7918677736474 4.06752268230975 2.82778802794912 2.04800799910498 3.83688556332447 4.940325330355 5.32240318278395 7.85133053148744 9.97954264585691 11.3557573884101 12.9232033375639 15.6949685155324 18.9204236612213 20.1727111185481 21.0716066242533 21.9442663702614 24.1389006673388 24.1248651602247 25.8715199617667 26.2484399028536
20.927133333962 17.2860193058602 15.2716373540305 12.7805586869765 11.4832032183043 12.2216731957232 12.724087496708 13.9380372290061 15.0744459433177 16.371827902047 15.3039735829934 13.9937352798964 12.7111156093881 12.007591753916 13.046876368173 13.5656538307546 13.7565496449038 10.1164256943095 8.22347122653346 6.27058398040824 2.37308570564916 1.79734016607906 0.131410239422654 0.673807089008993 1.00548137311092 2.81574550007751 3.61090041600621 4.98919872759117 4.11007391389882 3.71966265155431 4.39305632778469 6.29842496325741 6.36995121494486 8.97306224224602 10.6942321753289 12.8590969706797 14.915621796904 17.1301027603547 20.2402516964747 21.9392582928301 23.1305381584539 23.4735224671486 24.5776361678817 24.3037926756987 25.745838318987 26.4562912135409
20.0809474920318 15.472218315202 13.5929950502311 14.4886962304402 16.0886533351839 16.1813980282343 16.3082193592122 16.7178521097869 19.2059711272463 19.612660245314 17.7864198368693 15.1378988109167 15.7561421159103 15.726553392958 16.1596558086069 14.7007810113989 14.0854776029908 10.6224348444244 8.1216894429009 6.75652424076358 5.59875365321189 1.78056491618485 0.302155910175167 0.738610208377407 1.83171153179297 3.3791373275779 3.56986977187551 4.36363469050932 4.72933263503923 4.99498326108188 4.3904311124136 5.52874222493862 6.43082476408496 9.02480907853766 12.7940322538329 14.7946429456952 17.1314527658929 19.6833413658013 22.0396636440071 22.5854468781173 22.5206960877319 22.5121944463232 22.6465938049421 23.3384114411305 24.1025828386983 25.2610314531724
18.4642833281296 16.0021523145215 15.4833435455949 19.0167323197075 20.4587456603575 20.4436776672039 20.4794426682627 20.3172818995739 22.1375385148244 23.1126314234156 20.1001952652668 17.3585148063748 18.3556185010008 18.7519296640519 19.1977759024955 16.7921760865716 14.2020532223163 10.7200981270707 9.16385492263642 7.01083234238666 5.37148094118357 3.14227297949262 0.830718365115532 0.140236108689514 1.10042653118499 2.3548520628497 3.39531468578354 4.43503365060227 5.47927757842089 6.41478557191201 6.91806827412792 7.91910771256611 8.42785324767723 10.0652873623973 11.228958998211 12.3173070467161 14.5946657849756 18.4230181379374 19.8849119403588 20.5398214521816 20.6743769466349 19.5199498976754 20.8491118445877 21.4674232148736 22.3504416937707 25.171738028611
17.6014459523928 19.6330809499466 18.3369141268426 21.5537817833346 23.5196053907324 24.522085275474 22.1160584661737 22.1183163651518 25.6848072490311 26.3874844380597 24.2262128739421 21.370179433025 20.9795620378167 21.5927248957366 21.7410023687713 19.9118875500196 14.8109141541691 12.6343065465734 9.86428687986843 7.49566459625703 5.80039121369071 3.32292788661537 1.19569268641651 0.0505256002930262 0.652682412767763 3.92153365023032 5.89750430977071 3.27395218692003 5.08950032319309 6.68286605540771 9.45309811640493 9.3077904909714 8.05789341279164 8.39455056757382 10.870581234883 12.0862981312706 13.8235559788424 16.0661076489668 18.3605170993728 17.8335825678216 16.4811890297252 17.4497279205507 18.2349751898847 18.7483658486312 21.6923082439572 25.4227039027833
21.2156452699956 21.674036730326 22.226615079106 22.2934351633437 23.0553787783871 24.9428137466353 23.5079542378926 24.7988671440588 28.1223258452372 26.4841261236376 25.1051435678968 24.2937941181419 25.2079386327566 24.274138035722 22.9435971566742 19.706166087534 16.4187739398107 12.7838154605002 10.3255541448077 8.69264196767863 6.36289252832076 3.3768443720664 0.930850486930136 0.628090333839731 0.446209906060577 1.34168394947063 2.26037669922038 2.88606670958222 5.52491011230472 9.24871329103115 9.87705358633647 9.33845213037268 9.11798251996493 8.70072788710515 9.11847816461804 10.1151595876193 13.2056802206743 13.6657108312312 14.7584835511441 14.5533188931146 14.6834927980547 16.8612438363761 17.8348871421918 19.5139109572449 21.8172980613923 23.6812102511355
23.7803212596212 23.506486741968 24.3243207284663 24.2212958555513 23.2521926219422 26.2958583331172 26.6874412942472 30.3043739895163 28.184008731337 26.5708461445523 26.5258326101549 27.5183786616624 25.8778667043762 22.3494705826434 19.9555713244107 17.6205243908844 16.2675641740072 13.1324259246837 11.2202263317733 7.98251800584995 5.40780218611015 2.87584638702268 2.11570720441675 1.87665194863803 0.232598845482615 0.205133920687253 1.99522025588289 2.09957985981126 7.38249057873925 9.0214005415551 10.9834626264524 12.2520969859998 13.5122179776721 12.3459014240291 10.3814728529834 11.052613161037 11.9459227736119 13.9457749567543 13.6376453150637 14.5570394500113 15.5492370613027 17.2485252978398 19.6294653068242 19.7628138160347 21.9895510766567 22.7961191968328
26.3315223215841 24.5144467478352 26.1893129945552 26.381953652498 28.0394167039443 32.0521812577046 32.628508514062 30.9924141862203 29.3513071675595 28.4500933082523 28.6827051953816 28.2371576261373 26.5503278005403 23.6572409284934 20.3367799674789 16.9660247613746 14.7025300398648 11.9634726150679 10.3847633378069 8.8768006068163 6.81850435687624 4.92649866785952 3.42266636913145 1.90012079178611 0.283597202140549 0.294213148656317 1.00066864713469 2.49662873586071 6.27481400980074 8.56930383714966 12.2328397072765 14.1510984121068 15.7928349460143 15.2255434250999 12.9505402409659 13.8813856835422 14.1847049515015 15.9078682296835 16.2072449577339 16.2839614014547 18.5208390247217 20.8068775554804 23.4676792947556 23.7500055528847 25.2374591728526 24.1045442766706
27.6336914020163 27.2734420780055 27.9103102349222 29.8238883855067 32.5402485333028 32.9201403074011 33.0589179209635 33.7562242953847 31.152452078719 30.1314651855879 30.390191400337 29.2576735786925 27.6103429869707 23.283746390799 19.706941768324 16.8173011947057 15.023487109889 13.8841931924389 13.0948930932164 10.8742724877484 6.95487429929162 5.03876343491004 2.67460442077577 0.335008997337456 0.481937458802147 0.590893551797902 0.611825310742211 1.34770972077859 4.1905992885808 6.20213800271442 10.7057791239928 13.6850660432004 16.2247204789241 15.0053745482933 14.6492739684142 15.3860417992996 18.8963126544015 18.9856488009387 17.9311663676416 17.6737639139163 20.7460915648824 23.5524651783579 23.9709887530655 25.1972890814067 27.2748948099187 26.9512021528875
28.2582901141652 27.6033626753313 26.8239670807339 31.6630205660489 33.2973458017063 33.3712703847709 33.1024943283051 32.0460580852205 32.2895888928003 32.5288912656784 32.0549566428078 30.06248088433 25.5205872719536 23.0219247230865 19.1587325117401 17.1256743882499 17.0842583401446 15.8300722730595 13.7273004949591 10.8909121191675 7.92930692545637 6.25113218538411 2.57087946990231 1.02583424329376 0.489313109475122 0.299616799027065 0.270752230142145 2.55133062735599 4.18292755973684 5.3186852574477 9.95657844943283 11.7351732256674 15.1865746845279 17.8635213711015 16.8088944598274 15.9089729856599 20.409849118558 20.2319351415026 19.7007194199392 19.9760464178944 20.7917808574609 22.1162650639567 24.9143124795262 26.012502155456 26.8352546573961 27.4969772155876
29.1911574804029 28.5654561209421 27.2746969116522 28.7884397756646 33.1156128609079 32.5599893629357 32.1827984055997 30.7408419665611 31.4518768951324 30.6839263678633 28.9303028924832 27.9959839245155 25.759494268135 23.3429072694942 20.8483367320605 19.9153790932627 18.8004880256936 16.5657722193712 13.372137625883 10.7826820350249 6.28331643790054 4.95259836987478 2.46166457114 2.07468661385771 1.02467653558365 0.817093782886426 0.0499968521822243 0.890049006166271 2.7955180067649 5.93715130291673 9.15323442226412 12.0128569112358 15.0061550657908 18.9884658165604 19.4648943254736 18.1863044218469 19.6301627356771 21.2887888303179 22.2760254220627 22.2451892976866 22.7010423528305 23.5383811991167 25.0984990863025 25.7107478853165 26.9471568750026 28.6849899690772
29.8700990685768 34.9608016173015 35.0492213632681 33.2925304933517 33.7843867564811 32.8629529620842 31.4968439788999 29.7438152253307 28.2964067755769 27.7652693949252 26.8601143642791 25.7285833004242 24.0002938215352 22.5857404542786 21.3214808666374 20.3577679552966 19.7894143797409 18.2260820475106 15.1767408040807 10.9575492439475 6.69380074077225 5.5428260827642 2.64158610037154 2.41149041608394 0.4728002919972 0.534127797441291 0.00201854498945992 0.131620848112989 1.2474001679189 4.02457396682566 7.577560579728 11.1412130363674 15.6523542450274 19.157067077 20.2705523084153 20.5034983772977 21.354225181768 21.8152116992681 22.642059279763 24.7308172902258 24.4326101774734 25.139227977735 24.8629265528259 26.6566263404283 28.5883843057169 30.443546877776
31.9485660670627 35.2818023264217 35.4573958434972 33.6462711384365 34.0799017141329 31.8470897526703 29.1689409620099 28.0320712253699 27.0790769902966 26.2220283672455 24.2432592034748 23.4687927698428 21.9081793682836 19.7866800255366 19.2237685455702 18.3618062131466 17.8506649412991 16.8097627180382 15.5900058084588 12.6154847665945 9.4087746179962 6.2493822844318 2.44464410534646 1.20376760387966 0.195623888417145 0.313802788401384 0.156843540049448 1.43771451403313 3.05383921131928 5.11206880457915 8.65352836603082 10.6129407366649 12.6720498648151 14.8670695514019 20.0786408512024 21.2426230489955 22.650008080994 23.1871071888918 24.6211404417357 25.5923623856294 25.0619631886308 27.0282732271785 27.111622568042 28.6205377820314 30.4303789536169 31.1290807559872
36.1013019608592 36.242209620226 35.0665671013798 33.4892533645837 32.956122578697 29.6049574374692 27.4316671931975 27.7663116698612 25.5024742425447 24.415673825145 23.4407270570069 21.4645781636216 19.2805774650233 17.2177546259848 16.1189053299906 15.4168218485839 13.6038360105981 14.0868965907315 12.7020657536187 11.1691578044831 10.0549471125214 7.06129009070847 2.55207573506033 0.65136802859811 0.016718067757952 0 0.899210917947474 2.30069861010858 3.32473761787811 6.00849567736959 8.30334442906628 9.89140567695642 12.1329815502364 15.2688915569828 19.4055184332732 21.8470496831199 23.099592050935 24.1292326051441 24.5474003519713 25.4565922928133 27.0421317458319 28.2325420969683 28.1656538913373 29.8769094707398 30.8857335479877 31.5708474397317
36.8505667360534 35.8170938030836 34.7649802686534 34.0971070354184 32.5614306089298 29.6392835097695 28.7749221477271 27.3192654419819 26.1674457364567 25.0961583239086 21.7516912899041 21.5787334931406 19.8719886841903 16.9830134954418 15.8086459430941 13.5630130177218 11.8253950640074 10.2633895059373 9.67898630889849 9.00499643854165 7.4690517258022 5.80916324238787 3.60415344204887 0.849787049740537 0.151165699781045 0.775712251265352 1.85775590560366 2.97451213067112 3.56917182094437 5.89859364445482 8.24190683644425 10.0819268837998 12.9450601795516 16.3014269381831 18.0394733311574 21.1130083647095 23.9466946912541 25.1904877695618 24.8645285798665 26.6195042326736 27.8068978043216 29.9715548565905 29.2125420508401 30.8853525311489 32.7821060347912 33.6139351045405
37.0480501560588 34.7659770814523 34.4658438476962 34.0326990196265 33.1568522992559 31.6538810714949 30.4150470043986 28.8151526105881 27.4639740832069 26.0468223637668 22.0050976173186 22.097454992634 20.3457332811285 18.7402703245951 16.9435042768199 15.0782846680797 14.1712638708989 12.1494917362273 8.85934489971055 7.5118725332705 6.74261275003668 4.04780203187765 2.89472470010579 0.876859763358303 0.139118562197532 0.509078941698009 1.11349794278514 2.6176001835733 5.06242360184602 5.25846543773437 7.65530917054626 8.97577614975764 11.5062155713953 14.5583533267744 16.9125687547192 20.1349847990463 22.7683715987305 26.0790298195189 27.806634574188 28.4293366146757 29.052725780492 30.254672598596 30.6362125550393 31.4579846411307 33.453082719988 34.2891178798
