Makacoulibantang_data/makacoulibantang_hand.asc
NCOLS 241 
NROWS 241 
XLLCORNER -120.5 
YLLCORNER -120.5 
CELLSIZE 1 
NODATA_value -9999 
[rows 60 to 79 of 241, columns 92 to 137 of 241]
31.8867823718131 32.09655259149 32.4323955354085 29.7288551182475 27.1382781076058 25.0368045765196 24.393690692107 21.8772045906419 19.0398835786737 18.970262884732 17.9383364500232 19.5608321287737 21.0527702559572 21.1260359447554 18.4119572002141 15.3065788943239 12.6021913440021 10.0237429269663 10.1892835793694 6.91159340168009 4.72627270900772 1.20839000519454 0.764338559811004 4.73164042733256 6.55736903570454 3.80944342203663 6.02546055568053 8.75905223185563 13.1785864430571 16.1899172220925 18.9902823114054 20.916302741243 22.6368836433931 23.8279808631423 24.230521595236 25.5920370045969 27.2595003918304 28.45927969841 28.8131973048575 29.6578977446795 27.7319439299533 18.1177175757377 17.096237815436 16.5731676692038 15.2612477293328 13.378010320419
31.9007037831434 31.8273485149125 31.4942874905756 31.6959130489697 29.7038970756938 27.6451721475309 26.6640240215377 22.2868602348443 21.1771452455725 20.4350180716222 15.8249789667209 16.2247731611018 16.313819253337 17.9636491572147 15.9127289917632 12.7343254993487 11.1053028951613 8.32714538029754 6.60214438306259 3.37171246430719 1.63815277657489 1.5358600152694 4.05208122850543 5.34670588920994 8.16054921467713 5.90084882590803 7.28878099785614 10.6770791782915 14.0394046995472 16.9400363433827 21.0771060469567 23.0145238579479 24.3900347017789 26.2249287991235 26.7804539512156 27.6905859813447 27.9850360907723 30.0772954723946 30.656339270203 31.0000839792508 26.8939857282988 17.4395634570235 17.0577410726357 16.045579225044 15.3702291798857 13.2647752551687
32.7499285536874 32.9373582956031 32.5303020132697 32.5651821569842 30.4881261484139 29.0904319490171 27.1885316809386 27.5461364989487 24.5500358973736 21.4494106027283 16.4381265060496 14.032169845826 14.1380153317953 14.9103038704154 13.1664444800325 12.4347635038761 10.450191356675 8.56464696192202 4.0045928202354 0.843763565668336 0.404947857660902 1.61396420119041 5.59347036102786 7.14446567632076 8.36287494173401 7.66312392866699 9.66203031086516 11.2011199630099 15.6631907247054 19.2425845182328 21.5262486368565 23.366058904468 24.6382557393899 26.318487061191 26.0852950529274 27.46667181923 28.5906080841421 29.7010970717809 30.5632182813065 26.4867230906644 16.2584394802958 15.7353491879855 14.6077962475543 14.0192922212702 13.0714442816727 10.6641448941509
32.4710443521563 32.9398232325679 34.2655173138937 32.9317691375565 31.2440531462691 30.4861455628699 28.9197458239917 28.2242238466833 26.1552204442669 21.7337850837815 15.9815214339641 14.7645111548848 11.6102909106904 11.1850318322355 11.6030093219677 12.1491202173547 11.1217482714924 6.25932672796372 2.41483662998205 0.535685457033326 2.47144365300705 5.98228670057559 8.3620476188229 8.60963646048451 8.21501385224974 10.1477922914074 12.523016534669 13.4866704394158 14.7968729314566 16.6537852996888 19.7536139063573 21.5850515627191 22.34379646868 24.1130464991772 26.033810729723 27.8380989836193 28.9409411923741 30.3357014085807 27.0775886635379 19.5552254811922 15.5042970881677 14.4700821679308 13.9204277397778 13.0460562857504 12.3907666960527 11.0652581694097
31.4026395743597 32.4059650668871 32.7131355274876 32.8933489786103 29.6901395986821 28.5201442843529 28.4210547232049 26.0035452734952 24.5159862628936 23.0607375745662 17.478551008043 15.2351426918327 13.4696367377899 10.9608352938199 9.59471001881711 9.84535536090229 10.2096246580454 8.00762260791005 4.84716385096929 1.42426671639626 3.32806842651301 5.23578873479347 6.87492320503512 10.7466253571886 10.1662489167403 11.4290296386901 12.2504651057694 14.2783826086358 13.4030040769614 15.1309810691376 17.0485988586567 19.8319227021337 20.9664948097556 23.4623862038507 27.2619165388716 28.5444331564503 29.1398272214876 30.2429967922879 19.4151124981736 16.7501494668033 15.6588054334022 14.802378014492 14.0682632051558 14.6464103094985 13.4906752029225 13.8411970046786
31.1452816885764 32.3869187716417 33.0251939687142 30.6291630924502 26.2569641893519 24.9380840953978 25.4433169567814 23.2423651296275 20.444121863238 18.5275764350566 18.4849648311414 15.2849004030943 13.7130758634847 12.1048518649699 10.2964415868048 7.09595756684703 7.08915269652491 6.30450034378897 4.19165996343985 1.48521969369349 3.35862575602183 7.09438781354796 7.9279343467104 9.27456116974028 11.2139873657875 13.3359365748027 14.1855985652816 16.6550497258263 15.3755069022904 14.3918043242286 17.8376254384899 18.8827728418455 21.1619800171511 22.7431809377869 25.4499663470847 28.0080359956726 31.0597048965466 29.6054975397619 19.1805181079456 16.652959784414 17.007407585722 16.8437197578471 16.5106203780302 17.3314071907485 15.6106039469827 13.4335780351474
31.9416295077495 33.4783024384177 32.0254808936775 28.9559308876144 26.034321675051 25.0787783427908 22.2738685591513 19.5029868798594 17.2669602702057 16.2476866721409 14.8175260701385 13.1740875014355 10.4226482214267 9.65229166168403 9.11491315776795 6.01627015424197 5.33018510908134 5.99784967871743 2.08686811223021 1.08040019130537 5.13978495083787 6.0510711186464 7.94847997247597 10.3755983253417 13.5306520193968 15.8253547293378 16.8788304142506 18.4417823353005 18.1984413561479 17.6818372050632 18.9462657027971 19.2372575098281 20.7213396244273 23.4905752305649 24.7028544389389 26.494839450722 28.6748013686846 31.1644348574663 25.7518020247906 22.9891984667889 23.9269423259436 22.4665697893787 20.7274159384927 20.3091930036484 17.7297740494652 13.7713111596908
31.4247184844092 34.2902419489606 33.0269516526201 30.5591313601374 28.8424749161143 27.5307584107768 25.619123093744 21.425605101411 16.2735765786333 14.8044326655655 12.3156047327986 11.4663481375849 9.29574406743528 7.47149074853185 7.5140424929307 6.17403542245508 2.12362557168077 2.50707013261879 0.977768150945739 2.54741169175548 4.43060280495155 7.97684179693797 10.521289377789 13.2140524223987 15.3605105474342 17.9567101201891 20.3262905605986 20.354105478093 20.4089068749661 20.0615999794171 20.8712296042053 21.7984485662122 23.9076561298532 26.0057510690763 25.4709641392677 26.6017160398361 27.2680641657363 30.474447500418 30.6063734520587 29.5767970610563 28.5607154839128 25.0820880661979 20.1630838579377 18.55810007396 18.2312958968343 14.4141464680982
33.4020463982993 33.408376612325 30.2065497232956 27.7161779262684 27.1865618507128 26.9804461919183 24.0202329589915 20.0860666779323 15.7372630983473 11.5111871225908 10.6573226012903 10.7310047913249 8.28960893238976 5.22614643978282 3.91019845311459 1.74138689905673 0.38585243892335 0.197529116666784 1.54610838192433 3.89194117212389 4.80633652915963 6.97009345840922 8.10143716552534 10.7866184398276 14.7403617714814 18.9089713747141 22.5454856281904 23.2182254023929 22.7323109193059 22.2646978648601 22.5835087009305 23.751624896246 25.1720581143305 27.3235263403289 28.4217928908792 27.8934572553561 27.1681120084064 29.7006977288936 29.6025222326026 28.295135833222 28.5705122261464 27.0739313195645 20.5696249981013 19.3367575062359 15.8872685784372 13.3603506210681
36.1812557645722 33.2431752863618 27.8200379251538 24.7950654881339 22.319420666246 20.8407547471733 18.5814727567128 18.3055177301402 15.0735664645121 10.4573279765741 8.53170368764264 8.97397794636891 6.12406423909951 2.8129162206968 0.157818882928862 0.0482814202165328 0.476655869675883 0.273168265112156 3.7391190229866 4.75842753826385 5.6015589195061 7.20324894859947 8.66036314348265 10.5571253212634 12.980851886342 17.6115757550615 22.4972112237648 24.2177935908702 25.3085154299046 26.2006364576462 25.7558492100638 24.4165185218894 25.8391316488378 26.6720087903115 29.5847345270968 29.8172017134415 30.9513155324137 31.0111152232154 28.401499110792 28.1774752282442 28.2740877153717 26.3960966961064 20.6136249990975 19.4668659363467 16.3696757131678 14.2363874782169
34.1034491104777 31.7415225359698 27.8855337660819 25.5395776067894 23.4026551405328 19.5676442372245 17.3482719583418 14.6307650439082 11.3397968057771 9.47682123800943 6.08203907352304 5.9189702209456 6.25109306445441 1.80088893655732 1.70803276956246 4.07351003648 4.6128372230923 3.9912802187302 5.18088926448518 6.43860128610051 7.85748435571335 8.30667185667294 10.1616899974233 14.8050278959661 14.7818046312539 16.5401548447089 21.4573694075179 25.0028538964766 26.9737700287981 28.406210842277 27.8368491112554 26.3459548667589 28.0093972376366 28.7870120524986 29.8370104044895 31.6574310805511 30.6357146995026 29.6397210361131 27.7286321759096 28.9673213017411 26.8916472171243 21.2748452799312 20.4448913789767 18.9447819986438 18.2774821532823 16.4108942637427
29.9062088824372 30.2402265543662 30.1906396727018 29.0517617825206 24.9503508969645 21.4953827220068 16.6718328242789 13.5925198650446 10.6192588237828 9.09973363909345 5.7856854501061 3.86640922585764 1.75469101260463 0.775171652306643 2.67021350404949 4.47126884638928 7.51483013466766 5.46801623941578 4.9665034808393 6.62051698751068 9.47353091196197 12.8084486677197 14.34672584406 18.1273683040698 19.3173296376849 19.5879200908499 19.9176050712103 22.5014892521055 25.9102285245065 28.6537192500227 29.5754341479383 30.1846873500246 30.9376229105871 31.9355054687711 30.7786201486126 31.136755927301 29.656698845941 28.1158481638108 28.3598577874715 28.0798069814282 27.3705897762725 24.1273650962386 19.5212328184631 17.4280452777564 15.9068768944269 13.76487460609
26.3379097499668 24.683995029355 26.8569823758552 25.6500423410072 20.6717327793641 20.942811155682 17.9207918749528 12.3722273476496 9.71255132922351 7.2747938440027 4.99696348848424 2.19002605942069 1.06665224572914 1.42670317048518 2.77800668020676 4.3268850732613 7.90178067534818 5.94430225190372 7.44358762164499 10.1386731782432 11.5923476645778 12.5000739818054 16.7067733982434 19.9083530160334 22.4219572868647 22.2401045072208 23.1162321483684 22.8811450149151 24.4265667642724 28.193045370538 29.3224617551802 30.5845452313863 30.8707744269512 31.576442775973 32.7129316640268 31.9244708727571 29.5927808017018 27.249215918884 26.4226182143605 26.7159457011265 27.1514560669902 26.599138417601 20.8332229682307 17.2102575429438 15.3671078030238 12.2531251162051
25.1787928527292 21.9493247253581 22.2730065129851 20.6377098098725 17.3535738113612 15.7950354416612 15.8730542033812 11.0761974591588 8.33377124185427 7.83272466589668 3.78354266350873 1.83072002138975 0.490724029590164 1.97406734829813 3.92560096539718 5.42739699211511 8.2309209334663 6.97302440392223 9.21678197233709 10.5315191905333 11.1332222722582 12.906810263556 16.5406996789668 20.3376265785325 22.681910850752 23.0581502735925 25.0309756341999 26.0604738610495 26.3519813382747 28.7215199470866 30.0790254634327 31.4160079634613 31.8600970839467 31.910928156374 30.9666358354765 29.4207976652126 27.5743919932731 25.2811306264673 24.117883075945 24.2806268665927 25.1319431844933 24.4804755499924 21.983698013964 14.8666534125537 11.3567227824628 10.4237616666411
23.2905994080356 18.8047001218353 19.4200506548333 17.9583026405482 17.8354017952524 13.8177058161836 12.5992854575412 9.11294035691305 6.57343654865689 5.38590921897921 2.19239345970195 0.96641842943208 1.19869262646321 3.47045354674678 4.46941645492386 7.11602724077076 9.55211099964765 10.4831706710076 10.0210215658006 10.2644171091588 11.2090813859887 12.5949230390136 15.5127536136894 18.8277749981704 20.319465509741 23.2273993518349 26.3023061570601 26.3270391079762 28.275096701885 30.0422586116119 30.358408624289 31.4147563845665 32.0218676833248 31.3967979340318 29.8239069335435 28.7079051550821 27.0530401384218 25.5195469257567 23.3753269853801 24.1546740022725 22.9570578203664 20.5181793709958 19.518710832866 16.1501924503351 10.5835563846931 9.15625751554438
20.4828668524737 18.9955756488047 17.151731587472 15.9890131752688 17.010859330961 12.3555493445346 11.4682756482555 8.0359071583639 5.52347966045023 4.23802370560286 2.37416046016338 0.182175130535201 1.19897801294381 3.16150258102759 6.46815409994678 7.47151684586839 9.81103912728635 12.3555768815733 12.2473271314336 11.9937689428076 11.9373266894721 12.1908549646391 15.4025660806654 16.4711531544237 17.4312625239186 20.0454330365062 24.2385480847856 26.4658758577523 28.1396071790434 29.4048971764091 30.7406335307249 30.8856952747516 31.4872836162968 29.7786220553151 28.7267021623672 28.595148448661 26.2315476883064 24.3381461017162 21.9960099479067 21.5119233253942 22.0024847269016 20.1045981395105 18.4519096655568 16.5891862545893 10.0518230957578 8.43153294475807
16.8845952106963 16.8378932627722 13.8370293783677 14.4318141405448 13.6222360557774 11.4272265472785 9.04070642457194 5.52552346396206 2.71262485705207 0.662271534649055 0.240115098578699 0.268970328658927 2.24468713835412 3.57919898533295 6.08425533929746 8.96781031731998 12.050333371054 15.0379489164708 15.3414866818831 14.2980285778371 12.99945797339 13.0855304483851 15.5407570365265 16.3009167490157 16.9222504083122 20.2358449627611 23.8900280982775 26.3638297442838 27.375151411227 28.7795256421741 30.4784414947401 31.5244878806605 31.263638037082 29.1798822675686 27.6914348527803 27.6327767061478 26.274042357312 24.9807793251252 22.7139612853086 22.7518057244392 21.3373847040032 18.958420740562 18.4195571898956 16.413628461106 15.3969621999509 13.8738923106331
16.4987668056879 15.1655843197473 13.9368134685768 14.2832715398473 13.5767219391489 11.3815171034154 9.81944501681137 6.56136129172904 3.21096768856595 0.502712282762551 0.590106618868059 0.715998527579416 0.388232305585822 4.12094759837133 6.14339893763056 9.73793360175187 11.3680896010751 15.8213250147916 17.6448574874706 17.1160820473474 18.1833909305478 16.5868345231625 15.4041745533614 15.9784466334949 18.1252824035729 19.9160814868044 20.5240305978159 23.7681560559711 26.0040993807543 28.7808947382928 30.2326544790676 31.4480115675063 31.2064827493038 29.0442975246659 28.1549862135395 28.097847755529 27.0836401036406 25.0707042313567 24.264483789008 23.0326691958392 21.4487770703401 19.0785617766384 19.1354599080566 17.2786087217478 16.5803941948189 14.579285851975
13.7610521224741 12.2843680734621 12.3640063335647 11.6191424426574 11.6601831718058 9.74019936738101 7.70439341971217 3.13745807369834 1.70398304163208 1.12969440620987 1.22046571969012 2.47234009399145 2.27895160838426 3.73415073649447 7.61544770645769 9.93184746827975 11.7281245746309 16.7138809301286 18.7005754262598 19.8273635385936 19.9401622687401 18.0663936264723 16.5374755163192 16.8046696446031 17.818239532405 19.1125400631828 19.8597889211904 22.115191946942 24.6319671066549 28.3301216030398 30.3831128490936 30.9759080538562 31.9868868879793 32.4953484227206 30.040855664774 28.8106158997424 28.2703064291797 26.2871725123366 25.6309575483394 25.6028853717578 23.9901553396969 20.1997458631791 19.9725319961211 17.668566014642 16.278088955376 12.9689557364028
8.36358930720628 8.35315427766387 8.58892864624236 7.82558487754998 8.77870615065478 6.03415429086853 3.94614462033191 1.5769262859892 0.253588004754331 1.02098356727808 4.36231092721049 3.55531781705415 4.79275864095102 5.4673632997187 7.95328239126983 10.3651223110756 13.0137304789863 16.4206188409018 19.4522689678976 21.0271645100492 21.6924617828806 19.5690730198369 17.4079993645203 18.2148129003701 18.331935445268 18.7482474662005 20.5242936488401 22.2696201282849 24.1041227057846 27.0680831784766 28.5007376604571 30.5308588279891 31.7590594211866 33.2317936936874 31.9686352645099 30.1123476030606 29.9504380063942 28.3555833958631 28.4501632960651 27.3721339577788 25.7441669373706 22.0450604486914 22.1468218512099 19.246135794001 16.4596539525163 13.1945685838832
