Makacoulibantang_data/makacoulibantang_hand.asc
NCOLS 241 
NROWS 241 
XLLCORNER -120.5 
YLLCORNER -120.5 
CELLSIZE 1 
NODATA_value -9999 
[rows 160 to 179 of 241, columns 184 to 229 of 241]
15.2574939399002 12.8658705231024 10.735824940328 9.63124776255596 8.72196321337282 7.4902501441227 5.51264738975622 6.23940442239489 10.2017718331196 12.7536471211997 13.409581448004 14.4635571982726 16.0875610131361 16.9744879884471 15.5048747810136 15.6365756603193 15.3976291002483 16.6989932048929 18.2101936510148 18.6178559455812 16.6898142930665 16.487008143231 16.6575201888341 15.5427676928702 14.6294561524132 12.3338692470823 12.3425350639759 14.0693238384011 15.6477897628726 16.4554129067116 16.9963591217889 15.4329992959399 15.9307714554963 16.9962382690934 16.5470276037145 16.7073523625505 14.2056730043212 12.6248866844822 9.07862460053458 9.14441949503849 10.7426271071673 9.16313676861901 8.27916650205065 9.16267018962474 8.4476574856529 8.70776836172801
14.3854197262636 13.1933621772693 10.8196707512619 10.5751906474672 10.9296855818628 10.1190811946708 6.42013824586026 6.93205218221303 11.7606057509916 13.0536296933207 14.5191556126241 16.0277564311408 16.254620658171 16.1745779512577 16.8424837293328 16.7147061649924 16.6309889666996 16.4767341020414 16.7307829342125 17.0346371153315 18.1884265816785 17.2869566130311 17.0224804407487 16.2736682620781 15.8953633271567 14.2728680018163 12.0742613942233 14.7582199738614 16.6796369699743 16.8281282241277 17.0986616096204 16.7419752664676 16.0603789451154 15.6939997166229 16.3825865797407 14.8335207206084 10.610814425311 11.2885366763803 10.9300347645169 10.260458165541 11.0738346477736 10.0429099378464 8.74636796527411 8.62015476355525 10.0728210599842 10.483186565139
14.8172653488258 12.8273851262924 13.0183451124853 14.5056207920085 12.7918576623228 12.419623319699 7.96558528797198 6.63723300736316 11.1884808363425 14.0857461955806 15.2486378494971 16.1645477190264 15.1955008988999 16.1849151693298 16.9764129789017 16.7343326090174 16.5988428292582 16.9265455094613 17.0545211722134 16.780888467125 17.7640895666704 17.228264264063 17.3853274878437 15.737833526212 15.4151520357599 13.8989850672441 15.1318043582818 15.8351706799675 16.3202601428434 17.0198921468396 17.8433191739299 17.0051716678489 16.6723996838351 17.3693757258709 17.100496493657 14.6606744217819 10.1439065918902 10.703807076999 11.2033056781959 11.3688607396482 12.1057456623615 11.6530369374979 10.4608073694679 10.5864903464386 10.4784289006773 10.511990744156
16.2217805659636 15.0220845044233 14.6631377132121 15.7098314555766 14.2451404436552 12.2105070654028 9.07539027145605 7.8467073359727 10.146811768832 12.4810285575033 13.9964283051856 15.1123056142381 15.513881349546 16.3798407278834 16.8576121102947 16.5760822064092 16.6956470104375 18.0108143722722 19.4859220362808 17.354265443751 17.0950298411752 17.4471191494767 17.4579183470639 16.4767466907023 16.1385306831873 16.3024020621113 16.7737537140765 16.6083701964356 16.8218004651031 16.2470197774649 17.250730026207 17.5512734671875 17.2028342643378 16.736229305951 17.5740118680249 15.0279127786516 10.3586866241439 11.2859627440015 12.8932899188417 11.4613763616133 10.7904924449402 10.2051449682789 10.2591183203935 9.72449370824099 10.9971478983756 11.0276286605981
17.4549854847761 16.0437357755253 16.6164211609068 16.1068711878644 15.1569648901746 13.427515751792 11.270136459115 9.45043384153514 10.0232829388944 11.336376048832 13.9369766098813 14.6988694474509 15.7009333681667 15.7157002222647 16.3701447356095 16.2790557085424 16.9629165510523 17.5797895408203 19.2804426482867 17.827957752928 17.2770194466356 17.4461505258642 18.0491486733275 18.0028985003463 17.0989477145023 16.7566217067904 16.8913863164965 16.6930668563707 18.9083294541172 16.9975699324409 17.8888131463695 17.811914505913 17.6875575771413 16.3485701600436 16.9876915451831 17.86633687326 15.4504492135994 15.4787230786551 11.9200664832413 11.8242620921443 11.6301074620863 11.5336176772508 11.4801436407562 12.3161613111461 11.3203111274196 10.8322204510017
17.4806263396151 16.7519294278811 17.135821303673 16.5339227573623 16.5086601061147 14.4856607278867 11.7191238806486 9.05354513828159 10.0943343001333 10.9444665788254 13.3111518599786 13.6787331584167 15.7590778964897 15.1264028141613 15.7206971659957 16.0081078700943 16.7903622305882 16.6711148720517 19.27338032951 18.287354891121 18.9682278486698 17.6784411831157 18.1626876549488 18.3762592611905 17.8684143114718 17.6342199093695 18.253321256888 19.259087081948 21.4612666949768 18.7554684834796 19.096978082082 19.856309181921 17.8928040627132 16.7047936153085 19.6137575558752 19.7057211434209 19.562401787844 16.2627386353721 11.4180910524231 11.6805584467941 11.8872574772365 10.9857393048389 11.416935790956 13.8281251995558 11.7645782001358 10.6584234705915
16.4283554847148 16.4285982099664 16.429748298086 16.8436020533212 16.6821138249228 17.8165337997414 12.5154469339046 10.7580129791096 10.7072796636339 12.2080802018368 11.8671213224911 13.317945150123 16.0865111788842 14.468195257483 14.5566092163238 14.3232312300153 16.2386395102685 17.3621540870196 17.853471649696 17.5619960265394 17.4676195154961 18.2903239732995 19.8934064218121 18.3861430120551 18.3315188220213 18.4354759658519 19.8191882991354 19.9643102423719 18.492271918818 18.6940672374705 18.3490851312853 19.4733826866138 19.2063689169849 19.4609004098569 19.8206667331547 19.8236485686328 19.9097925406397 15.1238472401315 5.1575240685174 8.14939418182713 9.35528030175679 5.33326776329405 6.21584299701371 11.2375394952608 11.073415391222 10.2012010061692
17.2151100087775 17.3365264576013 16.3073073731076 17.8620397599101 16.750819777627 15.2086625284058 14.5656978238595 12.8280138966084 12.2427971286665 13.3033378804424 15.1128206346611 14.7441146187027 13.6633310519214 14.6140808716554 15.1930714001114 15.5144189530316 16.7544069340024 17.3647868315482 17.5057008305206 17.8276743345546 18.9880108523168 18.6732282616073 19.1247545432791 18.3576172157669 18.1164040039564 18.3620816537128 19.9049126989573 19.3437756064681 19.6567316454164 18.8855642189165 19.7278097415946 19.5425182371187 19.4751380418121 19.5594161391398 20.2690291554211 20.347147645578 18.9684026654683 14.2700089974683 4.10478268647917 3.73419402678207 2.94803473349383 2.82814819606041 5.12233228714652 10.4299437322943 10.8146367236016 10.8021316626294
17.4524699018366 18.1154941446131 17.6078757703507 15.5598381500443 15.1347392926715 17.2432067082367 15.0496601799039 14.8689264346441 13.8548895295338 13.9154719002454 15.7740181298159 15.2533783802905 14.5125631656817 15.4796501582858 16.0585719466487 15.459186816127 16.5839890547287 17.5840681825348 17.9706309479579 18.2151974805139 21.1949135206104 19.1308296082256 18.4238549640666 18.7214110958721 18.1721730762417 18.0927503627614 19.3435355361722 19.1281705700261 18.1722970275184 18.2385413939919 18.5636898605463 18.8237177184552 18.4295976234678 18.6023143784292 19.4148829517802 19.1507168964496 19.1324131829201 12.3122520185119 3.36547793424244 3.99555670679219 2.39962312499394 2.35264588111416 6.03185067249143 10.268699589324 8.50848072804066 5.85266732549824
17.5651293972891 16.5047606929832 15.646682701656 16.5384829274608 17.1503943473831 17.1117845621193 14.3094219896613 13.2951891208753 13.7229193326895 15.2166425830214 15.6121233132088 16.4597984612742 15.5178607502742 16.4715334860542 16.5201458318589 16.255722265145 17.6371696528054 19.4364532469742 19.3738382756653 20.0629232920751 19.0921397835514 18.6557914165184 18.9252966315925 18.4990032215944 18.3064355824743 18.3917175852674 19.4631622094539 18.7462529300298 19.1485142642482 19.0945662722006 18.850095958541 19.0043779879788 18.687071717623 18.2530748049036 18.2985423751661 18.3382702436766 18.9326531814387 17.1817906061519 4.6397522963829 2.51493616200989 3.37292963049718 2.78368707396547 3.94741362313221 4.14664203408928 3.02738583259061 2.98452905612916
17.572732346672 16.9742891964187 17.1879820797313 17.1055137217523 17.4071886289489 18.8726546576804 15.5712488115928 14.501989441011 14.845898677922 16.2191531063956 16.6672239922398 16.412005460221 17.2210256565724 18.0059756474143 17.353968286364 18.0796449814325 17.7599575572551 19.9428264447678 19.3657753731205 17.9142737284979 17.3103286993575 18.1529039752231 19.659545706934 18.5655003311779 18.8496138854865 18.2700297381808 18.9170988107612 18.6108116068333 19.5962850501984 21.4700630617737 19.6448402513574 18.9749093224631 18.9114472821515 20.7865428318777 19.3819467612702 19.2321367739663 21.8028048597005 16.6675512750745 4.73393068652897 2.53103525722283 2.68511868581038 3.50472282524575 2.68884566859081 2.9580458323126 3.12307127692109 3.4912777631088
17.5395360656438 17.6050562483672 16.4568015950207 17.3780199685631 18.686705853819 17.9365724419637 15.3183355215341 15.972812743614 15.2418371289141 16.1260332243244 16.2953113079022 17.1069805840379 17.9335134338971 18.9006749785701 17.4565839924897 17.9090493813699 17.7052673282127 18.3724508681584 17.2577039245447 17.7455503135462 17.1674591190477 17.0282673776281 18.4576974252239 18.2720452043935 18.5617702402893 20.6357417998628 18.6904935854721 18.855559447484 18.2997036285354 19.8186747440689 19.335467441339 20.7980005836827 21.5646410241705 22.5321748379963 21.698998636627 22.0540368097561 23.6205686691507 21.5477930293062 18.5460929325499 8.16894381874836 2.73242867984448 2.64670270174122 2.57132391641942 3.852393617529 3.18614776018112 3.53418181760427
17.9419651357969 18.0574854949854 16.8413970948966 17.6868046222294 16.9534141169081 16.3027675970277 15.9507474654539 16.7992010305083 16.1846290158396 17.1412483847614 17.793287966999 17.2330717021165 17.4211992866357 18.9071434663982 17.7004271623665 17.0932216370575 17.1681294220141 18.9420279623421 16.810781729624 16.6093034698169 16.4620752960286 16.6000832307427 17.2082113034044 18.5325247059815 18.5381076337525 17.091619082719 18.4234186191994 18.5454675308722 19.0188227643416 21.7395309169238 20.8849324124129 22.4705550538962 21.8800965865955 21.9668054031241 22.5611265892233 23.3145194482541 23.1552350025932 22.8205631449478 22.5957513320979 18.7448453706181 7.67899837287155 3.45598983339011 2.73294977329636 6.25924306953992 3.38570396996064 2.38589341960305
17.5264970540358 18.4212385182588 18.2891300805844 16.8813289094135 16.6423818470413 15.7518095433762 16.6874833886449 17.0718916377759 16.6230059799982 16.7685435311391 17.2759446969152 17.7718172063097 17.8905336861586 18.3634406613288 17.1158826652351 17.2298342364697 17.4705345987551 18.5965324686975 17.9524250671155 16.5396119930907 17.152185598097 16.7715922770736 17.0501805885001 18.2670833687603 19.5771117579909 16.9379359886198 17.105277319823 17.8416141175292 18.6874736848268 21.3463090250957 22.1200016559459 21.2814327663468 21.6807622701991 23.3417115338507 22.1350020416525 23.1313906885122 23.1483565499929 22.5920515677839 22.6261744175196 21.9430538444038 21.1551488968038 20.4934143576708 13.9308502625038 20.4924867822441 10.0655935439536 3.52176927768096
17.9690670798059 19.4011092719667 17.3615315850341 16.3594982797755 16.3022204136068 17.0001024123116 16.730353976376 16.8134906152487 16.3378555923125 16.4943764224503 17.4312355858748 17.3773020915468 17.6419636657486 17.495692798576 17.1234558041365 17.7472831678364 17.7152427816752 17.4994983077559 16.3942737132799 16.4302218040098 16.8701298646528 16.6180162906174 18.0461760144002 18.4029101950531 17.7953696385681 17.862306005001 18.427178176189 19.6900609524299 19.7383186268562 21.5119498562117 22.1708860676161 21.5254896917242 22.4134093734201 22.527638106923 22.6868628577271 21.5803600197101 22.9965649755592 22.1834090369156 22.6354257602731 22.4924614634769 22.0907958620007 22.1367708417601 22.3027619464875 22.6369020973288 10.0446969566272 3.28809110093653
16.9055437769192 16.8212367897247 16.9235298723257 16.9076426246666 16.630627786323 16.1559377811144 17.2548569490523 17.10179925444 17.4342109784973 16.9735363431002 18.2434431090398 17.8596949887194 17.9420005472603 18.0737124062249 17.663487608439 17.2465367260066 17.3414369599762 16.8309881386518 16.2664487012196 17.1400045191082 16.4774673258984 16.7535787803353 17.9540199140805 16.5381050335694 16.9324646429065 17.0155810127313 17.6486883121257 21.6854973227724 21.2331088922024 22.3837782124804 22.6572572882926 21.9785377174644 21.5036470729944 21.504359242657 21.7984576537385 21.8975415548918 22.8310363991876 22.2485504423648 22.2742241665943 22.8021502951747 22.2832170094629 22.4323098059557 19.1988921541315 10.589758413933 4.26837975138909 3.6376004427542
18.9504708716509 17.3284945797278 17.0220809976959 17.5274574948504 18.5121637686153 17.2358979257514 17.6082437220627 17.9453255892649 17.3934911381094 16.8015751458084 18.0340223267638 17.7843867528045 19.3054212518666 18.507738047683 18.4757157975244 18.178750949571 18.1119318972601 17.7994652763844 16.3507915750718 17.2057340965251 17.5440355114791 16.2822310660548 16.7971265161167 16.7794270362964 16.7688442669881 16.87829421892 19.2626032293953 21.3507653862944 21.5024504780937 22.4677604602615 24.129896139517 23.0916940360818 22.212576227896 21.3260723480408 21.259897605568 21.4905068686833 22.2496877254049 22.0922189302369 20.7138546706364 21.5345839278233 23.0624208697198 22.4306516059659 15.2758470057165 3.85937638467434 3.05153976908937 3.2437647900018
19.0212338638 17.9501324662627 18.1721081293119 17.5849787941744 18.1405816040762 17.927250451757 17.8235938258027 17.9629914014655 17.4611279775833 18.0711092485836 17.6637958363352 18.1881807240476 18.0152240395503 17.8727167310703 18.1348324030985 18.6010138500242 17.5526288323899 15.5642471085503 16.8599993876981 17.1528888242283 17.0126680200441 17.30930054367 16.5638230497148 18.035704510502 16.6707451876879 17.1302841315244 21.7637860855744 21.5636950854751 22.0590268895258 21.8166921535203 21.0803396236068 22.5140939995834 20.7738380211365 21.693947136915 22.2800296536256 21.8133034781508 21.5869989193707 18.5123799498168 16.5340460965278 19.5050297581075 24.2203195001318 20.7900844087551 10.7379076795087 4.1708619986976 3.22220891506807 3.67332499231934
20.0725673543619 19.047562290398 18.0251001414655 18.1525248945913 18.2019560666998 18.3294683009918 17.9077611053956 19.084651050659 18.934073931188 17.5962362471541 17.5479879964165 18.3052213124082 17.2732920500428 17.6952330212089 17.8888255373615 18.8606757827538 18.1806936190807 15.8521788250868 17.7208187501215 16.4009157112915 16.4736102452988 16.9898969008211 17.9293422276363 16.7007969223131 17.8671361007232 17.5633872762247 21.6798366355896 23.4771616074107 21.1714357093634 21.4767316773012 21.0438070481324 21.2357704834993 20.18697388899 20.6488456625947 21.4758153790308 17.0365787231787 16.4230921653318 15.8390763825283 15.3149165412272 17.4332016912811 18.5579771020991 17.4507577491114 15.311767702872 8.72613419866817 4.39338352974608 4.2643610081022
20.2475319879196 20.9924228355103 18.0402454316284 18.3853350878963 18.3459356100384 18.2758015396111 18.4659529856423 17.6882024074464 18.2843904973205 17.8161388683816 17.8359210749941 17.8621611951731 17.2541671181034 17.628210186657 17.7850341550541 17.801790755025 16.8694882141345 16.5267965562209 17.7231061259885 16.2431931370371 16.6220182731684 18.3503897246723 18.3569192173715 16.7552136289902 16.441075920393 18.0169294146741 21.1188856078435 21.8427298469579 22.216661300802 22.202191198048 21.4910619388912 21.8887101330518 21.0924894841085 20.1230429965491 18.2753758106888 14.9531576857883 16.3448413187506 15.4515494140074 15.280953397593 15.0065498114074 15.1408423264282 15.3050452703135 15.2989438264626 14.6150710103102 14.6718187862081 11.3096906152591
